0.251  4.20727e-06
0.252  4.20727e-06
0.253  4.20727e-06
0.254  4.20727e-06
0.255  4.20727e-06
0.256  4.20727e-06
0.257  4.20727e-06
0.258  4.20727e-06
0.259  4.13048e-06
0.26  4.13048e-06
0.261  4.13048e-06
0.262  4.13048e-06
0.263  4.13048e-06
0.264  4.13048e-06
0.265  4.13048e-06
0.266  4.13048e-06
0.267  4.13048e-06
0.268  4.13048e-06
0.269  4.13048e-06
0.27  4.13048e-06
0.271  4.13048e-06
0.272  4.13048e-06
0.273  4.13048e-06
0.274  4.13048e-06
0.275  4.13048e-06
0.276  4.13048e-06
0.277  4.05509e-06
0.278  4.05509e-06
0.279  4.05509e-06
0.28  4.05509e-06
0.281  4.05509e-06
0.282  4.05509e-06
0.283  4.05509e-06
0.284  4.05509e-06
0.285  4.05509e-06
0.286  4.05509e-06
0.287  4.05509e-06
0.288  4.05509e-06
0.289  4.05509e-06
0.29  4.05509e-06
0.291  4.05509e-06
0.292  4.05509e-06
0.293  3.98107e-06
0.294  3.98107e-06
0.295  3.98107e-06
0.296  3.98107e-06
0.297  3.98107e-06
0.298  3.98107e-06
0.299  3.98107e-06
0.3  3.98107e-06
0.301  3.98107e-06
0.302  3.98107e-06
0.303  3.98107e-06
0.304  3.98107e-06
0.305  3.98107e-06
0.306  3.98107e-06
0.307  3.90841e-06
0.308  3.90841e-06
0.309  3.90841e-06
0.31  3.90841e-06
0.311  3.90841e-06
0.312  3.90841e-06
0.313  3.90841e-06
0.314  3.90841e-06
0.315  3.90841e-06
0.316  3.90841e-06
0.317  3.90841e-06
0.318  3.90841e-06
0.319  3.90841e-06
0.32  3.90841e-06
0.321  3.83707e-06
0.322  3.83707e-06
0.323  3.83707e-06
0.324  3.83707e-06
0.325  3.83707e-06
0.326  3.83707e-06
0.327  3.83707e-06
0.328  3.83707e-06
0.329  3.83707e-06
0.33  3.83707e-06
0.331  3.83707e-06
0.332  3.83707e-06
0.333  3.83707e-06
0.334  3.83707e-06
0.335  3.76704e-06
0.336  3.76704e-06
0.337  3.76704e-06
0.338  3.76704e-06
0.339  3.76704e-06
0.34  3.76704e-06
0.341  3.76704e-06
0.342  3.76704e-06
0.343  3.76704e-06
0.344  3.76704e-06
0.345  3.76704e-06
0.346  3.76704e-06
0.347  3.76704e-06
0.348  3.76704e-06
0.349  3.69828e-06
0.35  3.69828e-06
0.351  3.69828e-06
0.352  3.69828e-06
0.353  3.69828e-06
0.354  3.69828e-06
0.355  3.69828e-06
0.356  3.69828e-06
0.357  3.69828e-06
0.358  3.69828e-06
0.359  3.69828e-06
0.36  3.69828e-06
0.361  3.69828e-06
0.362  3.69828e-06
0.363  3.63078e-06
0.364  3.63078e-06
0.365  3.63078e-06
0.366  3.63078e-06
0.367  3.63078e-06
0.368  3.63078e-06
0.369  3.63078e-06
0.37  3.63078e-06
0.371  3.63078e-06
0.372  3.63078e-06
0.373  3.63078e-06
0.374  3.63078e-06
0.375  3.63078e-06
0.376  3.63078e-06
0.377  3.56451e-06
0.378  3.56451e-06
0.379  3.56451e-06
0.38  3.56451e-06
0.381  3.56451e-06
0.382  3.56451e-06
0.383  3.56451e-06
0.384  3.56451e-06
0.385  3.56451e-06
0.386  3.56451e-06
0.387  3.56451e-06
0.388  3.56451e-06
0.389  3.56451e-06
0.39  3.56451e-06
0.391  3.56451e-06
0.392  3.56451e-06
0.393  3.49945e-06
0.394  3.49945e-06
0.395  3.49945e-06
0.396  3.49945e-06
0.397  3.49945e-06
0.398  3.49945e-06
0.399  3.49945e-06
0.4  3.49945e-06
0.401  3.49945e-06
0.402  3.49945e-06
0.403  3.49945e-06
0.404  3.49945e-06
0.405  3.49945e-06
0.406  3.49945e-06
0.407  3.49945e-06
0.408  3.43558e-06
0.409  3.43558e-06
0.41  3.43558e-06
0.411  3.43558e-06
0.412  3.43558e-06
0.413  3.43558e-06
0.414  3.43558e-06
0.415  3.43558e-06
0.416  3.43558e-06
0.417  3.43558e-06
0.418  3.43558e-06
0.419  3.43558e-06
0.42  3.43558e-06
0.421  3.43558e-06
0.422  3.43558e-06
0.423  3.43558e-06
0.424  3.37287e-06
0.425  3.37287e-06
0.426  3.37287e-06
0.427  3.37287e-06
0.428  3.37287e-06
0.429  3.37287e-06
0.43  3.37287e-06
0.431  3.37287e-06
0.432  3.37287e-06
0.433  3.37287e-06
0.434  3.37287e-06
0.435  3.37287e-06
0.436  3.31131e-06
0.437  3.31131e-06
0.438  3.31131e-06
0.439  3.31131e-06
0.44  3.31131e-06
0.441  3.31131e-06
0.442  3.31131e-06
0.443  3.31131e-06
0.444  3.31131e-06
0.445  3.31131e-06
0.446  3.31131e-06
0.447  3.31131e-06
0.448  3.31131e-06
0.449  3.31131e-06
0.45  3.31131e-06
0.451  3.31131e-06
0.452  3.25087e-06
0.453  3.25087e-06
0.454  3.25087e-06
0.455  3.25087e-06
0.456  3.25087e-06
0.457  3.25087e-06
0.458  3.25087e-06
0.459  3.25087e-06
0.46  3.25087e-06
0.461  3.25087e-06
0.462  3.25087e-06
0.463  3.25087e-06
0.464  3.25087e-06
0.465  3.25087e-06
0.466  3.25087e-06
0.467  3.19154e-06
0.468  3.19154e-06
0.469  3.19154e-06
0.47  3.19154e-06
0.471  3.19154e-06
0.472  3.19154e-06
0.473  3.19154e-06
0.474  3.19154e-06
0.475  3.19154e-06
0.476  3.19154e-06
0.477  3.19154e-06
0.478  3.13329e-06
0.479  3.13329e-06
0.48  3.13329e-06
0.481  3.13329e-06
0.482  3.13329e-06
0.483  3.13329e-06
0.484  3.13329e-06
0.485  3.13329e-06
0.486  3.13329e-06
0.487  3.13329e-06
0.488  3.13329e-06
0.489  3.13329e-06
0.49  3.13329e-06
0.491  3.0761e-06
0.492  3.0761e-06
0.493  3.0761e-06
0.494  3.0761e-06
0.495  3.0761e-06
0.496  3.0761e-06
0.497  3.0761e-06
0.498  3.0761e-06
0.499  3.0761e-06
0.5  3.0761e-06
0.501  3.0761e-06
0.502  3.0761e-06
0.503  3.0761e-06
0.504  3.01995e-06
0.505  3.01995e-06
0.506  3.01995e-06
0.507  3.01995e-06
0.508  3.01995e-06
0.509  3.01995e-06
0.51  3.01995e-06
0.511  3.01995e-06
0.512  3.01995e-06
0.513  3.01995e-06
0.514  3.01995e-06
0.515  3.01995e-06
0.516  3.01995e-06
0.517  3.01995e-06
0.518  2.96483e-06
0.519  2.96483e-06
0.52  2.96483e-06
0.521  2.96483e-06
0.522  2.96483e-06
0.523  2.96483e-06
0.524  2.96483e-06
0.525  2.96483e-06
0.526  2.96483e-06
0.527  2.91072e-06
0.528  2.91072e-06
0.529  2.91072e-06
0.53  2.91072e-06
0.531  2.91072e-06
0.532  2.91072e-06
0.533  2.91072e-06
0.534  2.91072e-06
0.535  2.85759e-06
0.536  2.85759e-06
0.537  2.85759e-06
0.538  2.85759e-06
0.539  2.85759e-06
0.54  2.85759e-06
0.541  2.85759e-06
0.542  2.85759e-06
0.543  2.85759e-06
0.544  2.85759e-06
0.545  2.80543e-06
0.546  2.80543e-06
0.547  2.80543e-06
0.548  2.80543e-06
0.549  2.80543e-06
0.55  2.80543e-06
0.551  2.80543e-06
0.552  2.80543e-06
0.553  2.80543e-06
0.554  2.80543e-06
0.555  2.80543e-06
0.556  2.75423e-06
0.557  2.75423e-06
0.558  2.75423e-06
0.559  2.75423e-06
0.56  2.75423e-06
0.561  2.75423e-06
0.562  2.75423e-06
0.563  2.75423e-06
0.564  2.75423e-06
0.565  2.70396e-06
0.566  2.70396e-06
0.567  2.70396e-06
0.568  2.70396e-06
0.569  2.70396e-06
0.57  2.70396e-06
0.571  2.70396e-06
0.572  2.70396e-06
0.573  2.70396e-06
0.574  2.65461e-06
0.575  2.65461e-06
0.576  2.65461e-06
0.577  2.65461e-06
0.578  2.65461e-06
0.579  2.65461e-06
0.58  2.65461e-06
0.581  2.65461e-06
0.582  2.60615e-06
0.583  2.60615e-06
0.584  2.60615e-06
0.585  2.60615e-06
0.586  2.60615e-06
0.587  2.55859e-06
0.588  2.55859e-06
0.589  2.55859e-06
0.59  2.55859e-06
0.591  2.55859e-06
0.592  2.55859e-06
0.593  2.51189e-06
0.594  2.51189e-06
0.595  2.51189e-06
0.596  2.51189e-06
0.597  2.51189e-06
0.598  2.51189e-06
0.599  2.46604e-06
0.6  2.46604e-06
0.601  2.46604e-06
0.602  2.42103e-06
0.603  2.42103e-06
0.604  2.42103e-06
0.605  2.42103e-06
0.606  2.42103e-06
0.607  2.37684e-06
0.608  2.37684e-06
0.609  2.37684e-06
0.61  2.37684e-06
0.611  2.37684e-06
0.612  2.37684e-06
0.613  2.37684e-06
0.614  2.37684e-06
0.615  2.37684e-06
0.616  2.33346e-06
0.617  2.33346e-06
0.618  2.33346e-06
0.619  2.33346e-06
0.62  2.33346e-06
0.621  2.24905e-06
0.622  2.24905e-06
0.623  2.24905e-06
0.624  2.24905e-06
0.625  2.24905e-06
0.626  2.208e-06
0.627  2.208e-06
0.628  2.208e-06
0.629  2.208e-06
0.63  2.208e-06
0.631  2.1677e-06
0.632  2.1677e-06
0.633  2.1677e-06
0.634  2.1677e-06
0.635  2.1677e-06
0.636  2.1677e-06
0.637  2.1677e-06
0.638  2.208e-06
0.639  2.208e-06
0.64  2.208e-06
0.641  2.0893e-06
0.642  2.0893e-06
0.643  2.05116e-06
0.644  2.05116e-06
0.645  2.05116e-06
0.646  2.05116e-06
0.647  2.01372e-06
0.648  2.01372e-06
0.649  2.01372e-06
0.65  2.01372e-06
0.651  1.97697e-06
0.652  1.97697e-06
0.653  1.97697e-06
0.654  1.97697e-06
0.655  1.94089e-06
0.656  1.94089e-06
0.657  1.94089e-06
0.658  1.94089e-06
0.659  1.90546e-06
0.66  1.90546e-06
0.661  1.94089e-06
0.662  1.90546e-06
0.663  1.87068e-06
0.664  1.87068e-06
0.665  1.87068e-06
0.666  1.87068e-06
0.667  1.83654e-06
0.668  1.83654e-06
0.669  1.83654e-06
0.67  1.83654e-06
0.671  1.80302e-06
0.672  1.80302e-06
0.673  1.77011e-06
0.674  1.77011e-06
0.675  1.77011e-06
0.676  1.7378e-06
0.677  1.7378e-06
0.678  1.70608e-06
0.679  1.67494e-06
0.68  1.64437e-06
0.681  1.61436e-06
0.682  1.61436e-06
0.683  1.58489e-06
0.684  1.58489e-06
0.685  1.58489e-06
0.686  1.58489e-06
0.687  1.55597e-06
0.688  1.55597e-06
0.689  1.55597e-06
0.69  1.55597e-06
0.691  1.55597e-06
0.692  1.55597e-06
0.693  1.52757e-06
0.694  1.52757e-06
0.695  1.49968e-06
0.696  1.49968e-06
0.697  1.47231e-06
0.698  1.47231e-06
0.699  1.44544e-06
0.7  1.44544e-06
0.701  1.44544e-06
0.702  1.41906e-06
0.703  1.41906e-06
0.704  1.41906e-06
0.705  1.41906e-06
0.706  1.39316e-06
0.707  1.39316e-06
0.708  1.39316e-06
0.709  1.34276e-06
0.71  1.31826e-06
0.711  1.31826e-06
0.712  1.31826e-06
0.713  1.31826e-06
0.714  1.2942e-06
0.715  1.2942e-06
0.716  1.2942e-06
0.717  1.2942e-06
0.718  1.27057e-06
0.719  1.24738e-06
0.72  1.22462e-06
0.721  1.20226e-06
0.722  1.20226e-06
0.723  1.18032e-06
0.724  1.18032e-06
0.725  1.18032e-06
0.726  1.18032e-06
0.727  1.18032e-06
0.728  1.15878e-06
0.729  1.15878e-06
0.73  1.13763e-06
0.731  1.11686e-06
0.732  1.11686e-06
0.733  1.11686e-06
0.734  1.09648e-06
0.735  1.09648e-06
0.736  1.09648e-06
0.737  1.07647e-06
0.738  1.05682e-06
0.739  1e-06
0.74  9.46237e-07
0.741  1.05682e-06
0.742  1.03753e-06
0.743  1.03753e-06
0.744  1.03753e-06
0.745  1.03753e-06
0.746  1.01859e-06
0.747  1.01859e-06
0.748  1.01859e-06
0.749  1e-06
0.75  1e-06
0.751  9.63829e-07
0.752  9.63829e-07
0.753  9.63829e-07
0.754  9.63829e-07
0.755  9.63829e-07
0.756  9.63829e-07
0.757  9.63829e-07
0.758  9.63829e-07
0.759  9.63829e-07
0.76  9.46237e-07
0.761  9.28966e-07
0.762  9.28966e-07
0.763  9.28966e-07
0.764  9.28966e-07
0.765  9.12011e-07
0.766  9.12011e-07
0.767  9.12011e-07
0.768  9.12011e-07
0.769  8.95365e-07
0.77  8.79023e-07
0.771  8.47227e-07
0.772  8.31764e-07
0.773  8.31764e-07
0.774  8.01678e-07
0.775  7.72681e-07
0.776  7.31139e-07
0.777  7.04693e-07
0.778  6.54636e-07
0.779  6.19441e-07
0.78  5.54626e-07
0.781  5.15229e-07
0.782  4.96592e-07
0.783  5.05825e-07
0.784  5.54626e-07
0.785  6.08135e-07
0.786  7.04693e-07
0.787  7.17794e-07
0.788  7.44732e-07
0.789  7.72681e-07
0.79  9.12011e-07
0.791  9.12011e-07
0.792  9.46237e-07
0.793  1.01859e-06
0.794  1.03753e-06
0.795  1.05682e-06
0.796  1.07647e-06
0.797  1.09648e-06
0.798  1.11686e-06
0.799  1.11686e-06
0.8  1.09648e-06
0.801  1.11686e-06
0.802  1.13763e-06
0.803  1.13763e-06
0.804  1.15878e-06
0.805  1.18032e-06
0.806  1.18032e-06
0.807  1.20226e-06
0.808  1.20226e-06
0.809  1.22462e-06
0.81  1.22462e-06
0.811  1.24738e-06
0.812  1.24738e-06
0.813  1.27057e-06
0.814  1.27057e-06
0.815  1.27057e-06
0.816  1.2942e-06
0.817  1.2942e-06
0.818  1.31826e-06
0.819  1.31826e-06
0.82  1.31826e-06
0.821  1.2942e-06
0.822  1.31826e-06
0.823  1.31826e-06
0.824  1.34276e-06
0.825  1.34276e-06
0.826  1.36773e-06
0.827  1.39316e-06
0.828  1.39316e-06
0.829  1.39316e-06
0.83  1.39316e-06
0.831  1.39316e-06
0.832  1.39316e-06
0.833  1.41906e-06
0.834  1.41906e-06
0.835  1.44544e-06
0.836  1.44544e-06
0.837  1.47231e-06
0.838  1.47231e-06
0.839  1.49968e-06
0.84  1.49968e-06
0.841  1.49968e-06
0.842  1.52757e-06
0.843  1.52757e-06
0.844  1.55597e-06
0.845  1.55597e-06
0.846  1.55597e-06
0.847  1.55597e-06
0.848  1.58489e-06
0.849  1.58489e-06
0.85  1.61436e-06
0.851  1.61436e-06
0.852  1.61436e-06
0.853  1.61436e-06
0.854  1.61436e-06
0.855  1.61436e-06
0.856  1.61436e-06
0.857  1.64437e-06
0.858  1.61436e-06
0.859  1.58489e-06
0.86  1.58489e-06
0.861  1.61436e-06
0.862  1.61436e-06
0.863  1.64437e-06
0.864  1.64437e-06
0.865  1.67494e-06
0.866  1.67494e-06
0.867  1.70608e-06
0.868  1.70608e-06
0.869  1.7378e-06
0.87  1.7378e-06
0.871  1.7378e-06
0.872  1.7378e-06
0.873  1.77011e-06
0.874  1.77011e-06
0.875  1.77011e-06
0.876  1.77011e-06
0.877  1.77011e-06
0.878  1.77011e-06
0.879  1.77011e-06
0.88  1.77011e-06
0.881  1.80302e-06
0.882  1.80302e-06
0.883  1.80302e-06
0.884  1.83654e-06
0.885  1.83654e-06
0.886  1.83654e-06
0.887  1.83654e-06
0.888  1.87068e-06
0.889  1.87068e-06
0.89  1.87068e-06
0.891  1.87068e-06
0.892  1.87068e-06
0.893  1.83654e-06
0.894  1.87068e-06
0.895  1.87068e-06
0.896  1.87068e-06
0.897  1.90546e-06
0.898  1.90546e-06
0.899  1.90546e-06
0.9  1.90546e-06
0.901  1.90546e-06
0.902  1.90546e-06
0.903  1.90546e-06
0.904  1.90546e-06
0.905  1.90546e-06
0.906  1.94089e-06
0.907  1.94089e-06
0.908  1.94089e-06
0.909  1.94089e-06
0.91  1.94089e-06
0.911  1.97697e-06
0.912  1.97697e-06
0.913  1.97697e-06
0.914  1.97697e-06
0.915  1.97697e-06
0.916  1.97697e-06
0.917  1.97697e-06
0.918  1.97697e-06
0.919  2.01372e-06
0.92  1.97697e-06
0.921  1.97697e-06
0.922  1.97697e-06
0.923  1.97697e-06
0.924  1.97697e-06
0.925  2.01372e-06
0.926  2.01372e-06
0.927  2.01372e-06
0.928  2.01372e-06
0.929  2.01372e-06
0.93  2.01372e-06
0.931  2.01372e-06
0.932  2.01372e-06
0.933  2.01372e-06
0.934  2.05116e-06
0.935  2.05116e-06
0.936  2.05116e-06
0.937  2.05116e-06
0.938  2.05116e-06
0.939  2.05116e-06
0.94  2.05116e-06
0.941  2.01372e-06
0.942  2.01372e-06
0.943  2.05116e-06
0.944  2.05116e-06
0.945  2.05116e-06
0.946  2.05116e-06
0.947  2.0893e-06
0.948  2.0893e-06
0.949  2.05116e-06
0.95  2.05116e-06
0.951  2.05116e-06
0.952  2.05116e-06
0.953  2.05116e-06
0.954  2.0893e-06
0.955  2.0893e-06
0.956  2.0893e-06
0.957  2.05116e-06
0.958  2.05116e-06
0.959  2.05116e-06
0.96  2.05116e-06
0.961  2.05116e-06
0.962  2.05116e-06
0.963  2.0893e-06
0.964  2.0893e-06
0.965  2.0893e-06
0.966  2.0893e-06
0.967  2.0893e-06
0.968  2.0893e-06
0.969  2.0893e-06
0.97  2.0893e-06
0.971  2.0893e-06
0.972  2.0893e-06
0.973  2.0893e-06
0.974  2.0893e-06
0.975  2.0893e-06
0.976  2.0893e-06
0.977  2.0893e-06
0.978  2.05116e-06
0.979  2.05116e-06
0.98  2.05116e-06
0.981  2.0893e-06
0.982  2.0893e-06
0.983  2.12814e-06
0.984  2.12814e-06
0.985  2.12814e-06
0.986  2.12814e-06
0.987  2.0893e-06
0.988  2.0893e-06
0.989  2.0893e-06
0.99  2.0893e-06
0.991  2.0893e-06
0.992  2.0893e-06
0.993  2.0893e-06
0.994  2.05116e-06
0.995  2.05116e-06
0.996  2.01372e-06
0.997  2.01372e-06
0.998  2.01372e-06
0.999  1.97697e-06
1  1.97697e-06
1.001  1.97697e-06
1.002  1.97697e-06
1.003  1.97697e-06
1.004  1.94089e-06
1.005  1.90546e-06
1.006  1.90546e-06
1.007  1.90546e-06
1.008  1.77011e-06
1.009  1.67494e-06
1.01  1.64437e-06
1.011  1.44544e-06
1.012  1.2942e-06
1.013  1.09648e-06
1.014  9.81748e-07
1.015  8.16582e-07
1.016  6.08135e-07
1.017  4.05509e-07
1.022  4.44631e-07
1.023  6.30957e-07
1.024  7.44732e-07
1.025  8.47227e-07
1.026  9.63829e-07
1.027  1.11686e-06
1.028  1.22462e-06
1.029  1.34276e-06
1.03  1.39316e-06
1.031  1.44544e-06
1.032  1.52757e-06
1.033  1.58489e-06
1.034  1.64437e-06
1.035  1.67494e-06
1.036  1.67494e-06
1.037  1.70608e-06
1.038  1.7378e-06
1.039  1.77011e-06
1.04  1.80302e-06
1.041  1.80302e-06
1.042  1.83654e-06
1.043  1.83654e-06
1.044  1.83654e-06
1.045  1.87068e-06
1.046  1.87068e-06
1.047  1.90546e-06
1.048  1.90546e-06
1.049  1.90546e-06
1.05  1.90546e-06
1.051  1.94089e-06
1.052  1.94089e-06
1.053  1.94089e-06
1.054  1.94089e-06
1.055  1.94089e-06
1.056  1.94089e-06
1.057  1.94089e-06
1.058  1.94089e-06
1.059  1.97697e-06
1.06  1.97697e-06
1.061  1.97697e-06
1.062  1.97697e-06
1.063  1.97697e-06
1.064  1.97697e-06
1.065  1.97697e-06
1.066  1.97697e-06
1.067  1.97697e-06
1.068  1.97697e-06
1.069  1.97697e-06
1.07  1.94089e-06
1.071  1.94089e-06
1.072  1.94089e-06
1.073  1.94089e-06
1.074  1.94089e-06
1.075  1.94089e-06
1.076  1.94089e-06
1.077  1.94089e-06
1.078  1.94089e-06
1.079  1.94089e-06
1.08  1.97697e-06
1.081  1.97697e-06
1.082  1.97697e-06
1.083  1.97697e-06
1.084  1.97697e-06
1.085  2.01372e-06
1.086  2.01372e-06
1.087  2.01372e-06
1.088  2.01372e-06
1.089  1.97697e-06
1.09  1.97697e-06
1.091  1.97697e-06
1.092  1.97697e-06
1.093  2.01372e-06
1.094  2.01372e-06
1.095  2.01372e-06
1.096  2.01372e-06
1.097  1.97697e-06
1.098  1.97697e-06
1.099  1.97697e-06
1.1  2.01372e-06
1.101  2.01372e-06
1.102  2.01372e-06
1.103  2.01372e-06
1.104  2.01372e-06
1.105  2.01372e-06
1.106  1.97697e-06
1.107  1.97697e-06
1.108  2.01372e-06
1.109  2.01372e-06
1.11  2.01372e-06
1.111  2.01372e-06
1.112  2.01372e-06
1.113  2.01372e-06
1.114  2.01372e-06
1.115  2.01372e-06
1.116  2.01372e-06
1.117  2.01372e-06
1.118  2.01372e-06
1.119  2.01372e-06
1.12  2.01372e-06
1.121  2.01372e-06
1.122  2.01372e-06
1.123  2.01372e-06
1.124  2.01372e-06
1.125  2.01372e-06
1.126  2.01372e-06
1.127  2.01372e-06
1.128  2.01372e-06
1.129  2.01372e-06
1.13  1.97697e-06
1.131  1.97697e-06
1.132  1.97697e-06
1.133  1.97697e-06
1.134  1.97697e-06
1.135  1.97697e-06
1.136  1.97697e-06
1.137  1.97697e-06
1.138  1.97697e-06
1.139  1.97697e-06
1.14  1.97697e-06
1.141  1.97697e-06
1.142  1.97697e-06
1.143  1.97697e-06
1.144  1.97697e-06
1.145  1.97697e-06
1.146  1.97697e-06
1.147  1.97697e-06
1.148  1.97697e-06
1.149  1.97697e-06
1.15  1.97697e-06
1.151  1.97697e-06
1.152  1.97697e-06
1.153  1.97697e-06
1.154  1.97697e-06
1.155  1.97697e-06
1.156  1.94089e-06
1.157  1.94089e-06
1.158  1.94089e-06
1.159  1.94089e-06
1.16  1.94089e-06
1.161  1.94089e-06
1.162  1.97697e-06
1.163  1.97697e-06
1.164  1.97697e-06
1.165  1.97697e-06
1.166  1.97697e-06
1.167  1.97697e-06
1.168  1.94089e-06
1.169  1.94089e-06
1.17  1.94089e-06
1.171  1.94089e-06
1.172  1.94089e-06
1.173  1.94089e-06
1.174  1.94089e-06
1.175  1.94089e-06
1.176  1.94089e-06
1.177  1.94089e-06
1.178  1.94089e-06
1.179  1.94089e-06
1.18  1.94089e-06
1.181  1.94089e-06
1.182  1.94089e-06
1.183  1.94089e-06
1.184  1.94089e-06
1.185  1.94089e-06
1.186  1.94089e-06
1.187  1.94089e-06
1.188  1.94089e-06
1.189  1.94089e-06
1.19  1.94089e-06
1.191  1.94089e-06
1.192  1.94089e-06
1.193  1.94089e-06
1.194  1.94089e-06
1.195  1.94089e-06
1.196  1.94089e-06
1.197  1.90546e-06
1.198  1.90546e-06
1.199  1.90546e-06
1.2  1.90546e-06
1.201  1.90546e-06
1.202  1.90546e-06
1.203  1.90546e-06
1.204  1.90546e-06
1.205  1.90546e-06
1.206  1.90546e-06
1.207  1.90546e-06
1.208  1.90546e-06
1.209  1.90546e-06
1.21  1.90546e-06
1.211  1.90546e-06
1.212  1.90546e-06
1.213  1.90546e-06
1.214  1.90546e-06
1.215  1.90546e-06
1.216  1.90546e-06
1.217  1.90546e-06
1.218  1.90546e-06
1.219  1.90546e-06
1.22  1.87068e-06
1.221  1.90546e-06
1.222  1.90546e-06
1.223  1.90546e-06
1.224  1.90546e-06
1.225  1.90546e-06
1.226  1.90546e-06
1.227  1.90546e-06
1.228  1.87068e-06
1.229  1.87068e-06
1.23  1.87068e-06
1.231  1.87068e-06
1.232  1.87068e-06
1.233  1.87068e-06
1.234  1.87068e-06
1.235  1.83654e-06
1.236  1.83654e-06
1.237  1.83654e-06
1.238  1.83654e-06
1.239  1.83654e-06
1.24  1.83654e-06
1.241  1.83654e-06
1.242  1.87068e-06
1.243  1.87068e-06
1.244  1.87068e-06
1.245  1.87068e-06
1.246  1.87068e-06
1.247  1.87068e-06
1.248  1.87068e-06
1.249  1.83654e-06
1.25  1.83654e-06
1.251  1.83654e-06
1.252  1.83654e-06
1.253  1.83654e-06
1.254  1.83654e-06
1.255  1.83654e-06
1.256  1.83654e-06
1.257  1.83654e-06
1.258  1.83654e-06
1.259  1.83654e-06
1.26  1.83654e-06
1.261  1.83654e-06
1.262  1.83654e-06
1.263  1.83654e-06
1.264  1.83654e-06
1.265  1.83654e-06
1.266  1.83654e-06
1.267  1.83654e-06
1.268  1.83654e-06
1.269  1.80302e-06
1.27  1.80302e-06
1.271  1.80302e-06
1.272  1.83654e-06
1.273  1.83654e-06
1.274  1.83654e-06
1.275  1.83654e-06
1.276  1.83654e-06
1.277  1.83654e-06
1.278  1.83654e-06
1.279  1.80302e-06
1.28  1.80302e-06
1.281  1.80302e-06
1.282  1.80302e-06
1.283  1.80302e-06
1.284  1.80302e-06
1.285  1.80302e-06
1.286  1.80302e-06
1.287  1.80302e-06
1.288  1.80302e-06
1.289  1.80302e-06
1.29  1.80302e-06
1.291  1.80302e-06
1.292  1.80302e-06
1.293  1.80302e-06
1.294  1.80302e-06
1.295  1.80302e-06
1.296  1.80302e-06
1.297  1.77011e-06
1.298  1.77011e-06
1.299  1.77011e-06
1.3  1.77011e-06
1.301  1.77011e-06
1.302  1.77011e-06
1.303  1.77011e-06
1.304  1.77011e-06
1.305  1.77011e-06
1.306  1.77011e-06
1.307  1.77011e-06
1.308  1.77011e-06
1.309  1.77011e-06
1.31  1.77011e-06
1.311  1.77011e-06
1.312  1.77011e-06
1.313  1.77011e-06
1.314  1.77011e-06
1.315  1.77011e-06
1.316  1.7378e-06
1.317  1.7378e-06
1.318  1.7378e-06
1.319  1.7378e-06
1.32  1.7378e-06
1.321  1.7378e-06
1.322  1.7378e-06
1.323  1.7378e-06
1.324  1.7378e-06
1.325  1.77011e-06
1.326  1.77011e-06
1.327  1.77011e-06
1.328  1.7378e-06
1.329  1.7378e-06
1.33  1.7378e-06
1.331  1.7378e-06
1.332  1.7378e-06
1.333  1.7378e-06
1.334  1.70608e-06
1.335  1.70608e-06
1.336  1.70608e-06
1.337  1.70608e-06
1.338  1.70608e-06
1.339  1.70608e-06
1.34  1.70608e-06
1.341  1.70608e-06
1.342  1.70608e-06
1.343  1.70608e-06
1.344  1.70608e-06
1.345  1.70608e-06
1.346  1.70608e-06
1.347  1.70608e-06
1.348  1.67494e-06
1.349  1.67494e-06
1.35  1.67494e-06
1.351  1.64437e-06
1.352  1.64437e-06
1.353  1.64437e-06
1.354  1.64437e-06
1.355  1.64437e-06
1.356  1.64437e-06
1.357  1.64437e-06
1.358  1.64437e-06
1.359  1.64437e-06
1.36  1.64437e-06
1.361  1.67494e-06
1.362  1.67494e-06
1.363  1.67494e-06
1.364  1.67494e-06
1.365  1.67494e-06
1.366  1.67494e-06
1.367  1.67494e-06
1.368  1.64437e-06
1.369  1.64437e-06
1.37  1.64437e-06
1.371  1.64437e-06
1.372  1.64437e-06
1.373  1.64437e-06
1.374  1.64437e-06
1.375  1.64437e-06
1.376  1.64437e-06
1.377  1.64437e-06
1.378  1.64437e-06
1.379  1.64437e-06
1.38  1.61436e-06
1.381  1.61436e-06
1.382  1.61436e-06
1.383  1.61436e-06
1.384  1.61436e-06
1.385  1.61436e-06
1.386  1.61436e-06
1.387  1.61436e-06
1.388  1.61436e-06
1.389  1.61436e-06
1.39  1.61436e-06
1.391  1.61436e-06
1.392  1.61436e-06
1.393  1.61436e-06
1.394  1.58489e-06
1.395  1.58489e-06
1.396  1.58489e-06
1.397  1.58489e-06
1.398  1.58489e-06
1.399  1.58489e-06
1.4  1.55597e-06
1.401  1.58489e-06
1.402  1.58489e-06
1.403  1.58489e-06
1.404  1.58489e-06
1.405  1.58489e-06
1.406  1.61436e-06
1.407  1.61436e-06
1.408  1.61436e-06
1.409  1.61436e-06
1.41  1.61436e-06
1.411  1.61436e-06
1.412  1.61436e-06
1.413  1.61436e-06
1.414  1.61436e-06
1.415  1.61436e-06
1.416  1.61436e-06
1.417  1.61436e-06
1.418  1.61436e-06
1.419  1.61436e-06
1.42  1.58489e-06
1.421  1.61436e-06
1.422  1.61436e-06
1.423  1.61436e-06
1.424  1.61436e-06
1.425  1.61436e-06
1.426  1.61436e-06
1.427  1.61436e-06
1.428  1.61436e-06
1.429  1.61436e-06
1.43  1.61436e-06
1.431  1.61436e-06
1.432  1.61436e-06
1.433  1.61436e-06
1.434  1.61436e-06
1.435  1.61436e-06
1.436  1.61436e-06
1.437  1.61436e-06
1.438  1.61436e-06
1.439  1.61436e-06
1.44  1.61436e-06
1.441  1.58489e-06
1.442  1.58489e-06
1.443  1.58489e-06
1.444  1.58489e-06
1.445  1.58489e-06
1.446  1.58489e-06
1.447  1.58489e-06
1.448  1.58489e-06
1.449  1.58489e-06
1.45  1.58489e-06
1.451  1.58489e-06
1.452  1.55597e-06
1.453  1.55597e-06
1.454  1.55597e-06
1.455  1.55597e-06
1.456  1.55597e-06
1.457  1.55597e-06
1.458  1.52757e-06
1.459  1.52757e-06
1.46  1.52757e-06
1.461  1.52757e-06
1.462  1.52757e-06
1.463  1.52757e-06
1.464  1.52757e-06
1.465  1.49968e-06
1.466  1.49968e-06
1.467  1.49968e-06
1.468  1.49968e-06
1.469  1.49968e-06
1.47  1.49968e-06
1.471  1.47231e-06
1.472  1.47231e-06
1.473  1.47231e-06
1.474  1.47231e-06
1.475  1.47231e-06
1.476  1.44544e-06
1.477  1.44544e-06
1.478  1.44544e-06
1.479  1.44544e-06
1.48  1.44544e-06
1.481  1.44544e-06
1.482  1.44544e-06
1.483  1.44544e-06
1.484  1.41906e-06
1.485  1.41906e-06
1.486  1.41906e-06
1.487  1.41906e-06
1.488  1.41906e-06
1.489  1.41906e-06
1.49  1.41906e-06
1.491  1.39316e-06
1.492  1.39316e-06
1.493  1.39316e-06
1.494  1.39316e-06
1.495  1.39316e-06
1.496  1.39316e-06
1.497  1.39316e-06
1.498  1.39316e-06
1.499  1.39316e-06
1.5  1.39316e-06
1.501  1.39316e-06
1.502  1.39316e-06
1.503  1.39316e-06
1.504  1.39316e-06
1.505  1.39316e-06
1.506  1.39316e-06
1.507  1.39316e-06
1.508  1.39316e-06
1.509  1.39316e-06
1.51  1.39316e-06
1.511  1.39316e-06
1.512  1.39316e-06
1.513  1.39316e-06
1.514  1.39316e-06
1.515  1.39316e-06
1.516  1.39316e-06
1.517  1.39316e-06
1.518  1.39316e-06
1.519  1.39316e-06
1.52  1.39316e-06
1.521  1.39316e-06
1.522  1.39316e-06
1.523  1.39316e-06
1.524  1.39316e-06
1.525  1.39316e-06
1.526  1.39316e-06
1.527  1.39316e-06
1.528  1.39316e-06
1.529  1.36773e-06
1.53  1.36773e-06
1.531  1.36773e-06
1.532  1.36773e-06
1.533  1.36773e-06
1.534  1.36773e-06
1.535  1.36773e-06
1.536  1.36773e-06
1.537  1.36773e-06
1.538  1.36773e-06
1.539  1.36773e-06
1.54  1.36773e-06
1.541  1.36773e-06
1.542  1.36773e-06
1.543  1.36773e-06
1.544  1.36773e-06
1.545  1.36773e-06
1.546  1.36773e-06
1.547  1.36773e-06
1.548  1.36773e-06
1.549  1.36773e-06
1.55  1.36773e-06
1.551  1.34276e-06
1.552  1.34276e-06
1.553  1.34276e-06
1.554  1.34276e-06
1.555  1.34276e-06
1.556  1.34276e-06
1.557  1.34276e-06
1.558  1.34276e-06
1.559  1.34276e-06
1.56  1.34276e-06
1.561  1.34276e-06
1.562  1.36773e-06
1.563  1.36773e-06
1.564  1.36773e-06
1.565  1.36773e-06
1.566  1.34276e-06
1.567  1.34276e-06
1.568  1.34276e-06
1.569  1.34276e-06
1.57  1.34276e-06
1.571  1.34276e-06
1.572  1.34276e-06
1.573  1.34276e-06
1.574  1.34276e-06
1.575  1.34276e-06
1.576  1.34276e-06
1.577  1.34276e-06
1.578  1.34276e-06
1.579  1.34276e-06
1.58  1.34276e-06
1.581  1.34276e-06
1.582  1.34276e-06
1.583  1.34276e-06
1.584  1.34276e-06
1.585  1.34276e-06
1.586  1.34276e-06
1.587  1.31826e-06
1.588  1.31826e-06
1.589  1.31826e-06
1.59  1.31826e-06
1.591  1.31826e-06
1.592  1.31826e-06
1.593  1.31826e-06
1.594  1.31826e-06
1.595  1.31826e-06
1.596  1.31826e-06
1.597  1.31826e-06
1.598  1.31826e-06
1.599  1.31826e-06
1.6  1.2942e-06
1.601  1.2942e-06
1.602  1.2942e-06
1.603  1.31826e-06
1.604  1.31826e-06
1.605  1.31826e-06
1.606  1.31826e-06
1.607  1.31826e-06
1.608  1.31826e-06
1.609  1.31826e-06
1.61  1.31826e-06
1.611  1.31826e-06
1.612  1.31826e-06
1.613  1.31826e-06
1.614  1.31826e-06
1.615  1.31826e-06
1.616  1.2942e-06
1.617  1.2942e-06
1.618  1.2942e-06
1.619  1.2942e-06
1.62  1.2942e-06
1.621  1.2942e-06
1.622  1.2942e-06
1.623  1.2942e-06
1.624  1.31826e-06
1.625  1.31826e-06
1.626  1.2942e-06
1.627  1.2942e-06
1.628  1.2942e-06
1.629  1.2942e-06
1.63  1.2942e-06
1.631  1.2942e-06
1.632  1.2942e-06
1.633  1.27057e-06
1.634  1.27057e-06
1.635  1.27057e-06
1.636  1.27057e-06
1.637  1.27057e-06
1.638  1.27057e-06
1.639  1.24738e-06
1.64  1.22462e-06
1.641  1.22462e-06
1.642  1.22462e-06
1.643  1.22462e-06
1.644  1.22462e-06
1.645  1.20226e-06
1.646  1.20226e-06
1.647  1.20226e-06
1.648  1.20226e-06
1.649  1.20226e-06
1.65  1.20226e-06
1.651  1.20226e-06
1.652  1.20226e-06
1.653  1.20226e-06
1.654  1.20226e-06
1.655  1.20226e-06
1.656  1.20226e-06
1.657  1.22462e-06
1.658  1.22462e-06
1.659  1.22462e-06
1.66  1.22462e-06
1.661  1.22462e-06
1.662  1.24738e-06
1.663  1.24738e-06
1.664  1.24738e-06
1.665  1.24738e-06
1.666  1.24738e-06
1.667  1.24738e-06
1.668  1.24738e-06
1.669  1.24738e-06
1.67  1.24738e-06
1.671  1.24738e-06
1.672  1.24738e-06
1.673  1.24738e-06
1.674  1.24738e-06
1.675  1.24738e-06
1.676  1.22462e-06
1.677  1.22462e-06
1.678  1.22462e-06
1.679  1.22462e-06
1.68  1.22462e-06
1.681  1.22462e-06
1.682  1.24738e-06
1.683  1.24738e-06
1.684  1.24738e-06
1.685  1.24738e-06
1.686  1.24738e-06
1.687  1.24738e-06
1.688  1.24738e-06
1.689  1.24738e-06
1.69  1.24738e-06
1.691  1.24738e-06
1.692  1.24738e-06
1.693  1.24738e-06
1.694  1.24738e-06
1.695  1.24738e-06
1.696  1.24738e-06
1.697  1.22462e-06
1.698  1.22462e-06
1.699  1.22462e-06
1.7  1.22462e-06
1.701  1.22462e-06
1.702  1.22462e-06
1.703  1.22462e-06
1.704  1.22462e-06
1.705  1.22462e-06
1.706  1.22462e-06
1.707  1.22462e-06
1.708  1.22462e-06
1.709  1.22462e-06
1.71  1.24738e-06
1.711  1.24738e-06
1.712  1.24738e-06
1.713  1.24738e-06
1.714  1.24738e-06
1.715  1.24738e-06
1.716  1.24738e-06
1.717  1.22462e-06
1.718  1.22462e-06
1.719  1.22462e-06
1.72  1.22462e-06
1.721  1.22462e-06
1.722  1.22462e-06
1.723  1.24738e-06
1.724  1.24738e-06
1.725  1.24738e-06
1.726  1.24738e-06
1.727  1.24738e-06
1.728  1.24738e-06
1.729  1.24738e-06
1.73  1.24738e-06
1.731  1.24738e-06
1.732  1.24738e-06
1.733  1.24738e-06
1.734  1.24738e-06
1.735  1.24738e-06
1.736  1.24738e-06
1.737  1.24738e-06
1.738  1.24738e-06
1.739  1.22462e-06
1.74  1.22462e-06
1.741  1.22462e-06
1.742  1.22462e-06
1.743  1.22462e-06
1.744  1.22462e-06
1.745  1.22462e-06
1.746  1.22462e-06
1.747  1.22462e-06
1.748  1.22462e-06
1.749  1.22462e-06
1.75  1.22462e-06
1.751  1.22462e-06
1.752  1.20226e-06
1.753  1.20226e-06
1.754  1.20226e-06
1.755  1.18032e-06
1.756  1.18032e-06
1.757  1.18032e-06
1.758  1.18032e-06
1.759  1.18032e-06
1.76  1.18032e-06
1.761  1.20226e-06
1.762  1.20226e-06
1.763  1.22462e-06
1.764  1.22462e-06
1.765  1.24738e-06
1.766  1.24738e-06
1.767  1.27057e-06
1.768  1.27057e-06
1.769  1.27057e-06
1.77  1.27057e-06
1.771  1.24738e-06
1.772  1.24738e-06
1.773  1.22462e-06
1.774  1.20226e-06
1.775  1.20226e-06
1.776  1.20226e-06
1.777  1.20226e-06
1.778  1.20226e-06
1.779  1.20226e-06
1.78  1.20226e-06
1.781  1.20226e-06
1.782  1.20226e-06
1.783  1.20226e-06
1.784  1.22462e-06
1.785  1.22462e-06
1.786  1.22462e-06
1.787  1.22462e-06
1.788  1.22462e-06
1.789  1.22462e-06
1.79  1.22462e-06
1.791  1.22462e-06
1.792  1.22462e-06
1.793  1.22462e-06
1.794  1.22462e-06
1.795  1.22462e-06
1.796  1.22462e-06
1.797  1.22462e-06
1.798  1.22462e-06
1.799  1.22462e-06
1.8  1.22462e-06
1.801  1.22462e-06
1.802  1.22462e-06
1.803  1.24738e-06
1.804  1.24738e-06
1.805  1.24738e-06
1.806  1.24738e-06
1.807  1.24738e-06
1.808  1.27057e-06
1.809  1.27057e-06
1.81  1.27057e-06
1.811  1.27057e-06
1.812  1.27057e-06
1.813  1.27057e-06
1.814  1.27057e-06
1.815  1.27057e-06
1.816  1.24738e-06
1.817  1.24738e-06
1.818  1.24738e-06
1.819  1.24738e-06
1.82  1.24738e-06
1.821  1.24738e-06
1.822  1.24738e-06
1.823  1.24738e-06
1.824  1.24738e-06
1.825  1.24738e-06
1.826  1.24738e-06
1.827  1.24738e-06
1.828  1.24738e-06
1.829  1.22462e-06
1.83  1.22462e-06
1.831  1.22462e-06
1.832  1.20226e-06
1.833  1.20226e-06
1.834  1.20226e-06
1.835  1.20226e-06
1.836  1.20226e-06
1.837  1.20226e-06
1.838  1.22462e-06
1.839  1.22462e-06
1.84  1.22462e-06
1.841  1.22462e-06
1.842  1.22462e-06
1.843  1.24738e-06
1.844  1.24738e-06
1.845  1.27057e-06
1.846  1.27057e-06
1.847  1.27057e-06
1.848  1.2942e-06
1.849  1.2942e-06
1.85  1.31826e-06
1.851  1.31826e-06
1.852  1.31826e-06
1.853  1.31826e-06
1.854  1.31826e-06
1.855  1.31826e-06
1.856  1.31826e-06
1.857  1.2942e-06
1.858  1.2942e-06
1.859  1.2942e-06
1.86  1.2942e-06
1.861  1.31826e-06
1.862  1.31826e-06
1.863  1.31826e-06
1.864  1.31826e-06
1.865  1.31826e-06
1.866  1.31826e-06
1.867  1.31826e-06
1.868  1.31826e-06
1.869  1.31826e-06
1.87  1.31826e-06
1.871  1.31826e-06
1.872  1.31826e-06
1.873  1.2942e-06
1.874  1.2942e-06
1.875  1.2942e-06
1.876  1.2942e-06
1.877  1.2942e-06
1.878  1.2942e-06
1.879  1.2942e-06
1.88  1.2942e-06
1.881  1.2942e-06
1.882  1.2942e-06
1.883  1.2942e-06
1.884  1.2942e-06
1.885  1.31826e-06
1.886  1.31826e-06
1.887  1.31826e-06
1.888  1.31826e-06
1.889  1.31826e-06
1.89  1.31826e-06
1.891  1.31826e-06
1.892  1.2942e-06
1.893  1.2942e-06
1.894  1.2942e-06
1.895  1.2942e-06
1.896  1.2942e-06
1.897  1.2942e-06
1.898  1.2942e-06
1.899  1.2942e-06
1.9  1.27057e-06
1.901  1.2942e-06
1.902  1.2942e-06
1.903  1.2942e-06
1.904  1.2942e-06
1.905  1.2942e-06
1.906  1.2942e-06
1.907  1.2942e-06
1.908  1.2942e-06
1.909  1.2942e-06
1.91  1.2942e-06
1.911  1.2942e-06
1.912  1.2942e-06
1.913  1.2942e-06
1.914  1.2942e-06
1.915  1.2942e-06
1.916  1.2942e-06
1.917  1.27057e-06
1.918  1.27057e-06
1.919  1.27057e-06
1.92  1.27057e-06
1.921  1.27057e-06
1.922  1.27057e-06
1.923  1.27057e-06
1.924  1.27057e-06
1.925  1.27057e-06
1.926  1.27057e-06
1.927  1.27057e-06
1.928  1.27057e-06
1.929  1.27057e-06
1.93  1.27057e-06
1.931  1.27057e-06
1.932  1.2942e-06
1.933  1.2942e-06
1.934  1.2942e-06
1.935  1.2942e-06
1.936  1.2942e-06
1.937  1.2942e-06
1.938  1.2942e-06
1.939  1.27057e-06
1.94  1.24738e-06
1.941  1.24738e-06
1.942  1.27057e-06
1.943  1.27057e-06
1.944  1.27057e-06
1.945  1.27057e-06
1.946  1.27057e-06
1.947  1.24738e-06
1.948  1.24738e-06
1.949  1.24738e-06
1.95  1.22462e-06
1.951  1.24738e-06
1.952  1.27057e-06
1.953  1.27057e-06
1.954  1.2942e-06
1.955  1.31826e-06
1.956  1.2942e-06
1.957  1.27057e-06
1.958  1.24738e-06
1.959  1.22462e-06
1.96  1.20226e-06
1.961  1.20226e-06
1.962  1.22462e-06
1.963  1.24738e-06
1.964  1.22462e-06
1.965  1.22462e-06
1.966  1.22462e-06
1.967  1.22462e-06
1.968  1.22462e-06
1.969  1.22462e-06
1.97  1.20226e-06
1.971  1.20226e-06
1.972  1.20226e-06
1.973  1.20226e-06
1.974  1.20226e-06
1.975  1.20226e-06
1.976  1.18032e-06
1.977  1.18032e-06
1.978  1.18032e-06
1.979  1.18032e-06
1.98  1.18032e-06
1.981  1.18032e-06
1.982  1.18032e-06
1.983  1.18032e-06
1.984  1.20226e-06
1.985  1.20226e-06
1.986  1.20226e-06
1.987  1.20226e-06
1.988  1.20226e-06
1.989  1.20226e-06
1.99  1.20226e-06
1.991  1.20226e-06
1.992  1.20226e-06
1.993  1.20226e-06
1.994  1.20226e-06
1.995  1.20226e-06
1.996  1.20226e-06
1.997  1.20226e-06
1.998  1.20226e-06
1.999  1.20226e-06
2  1.20226e-06
2  1.55597e-07
1.999  1.55597e-07
1.998  1.52757e-07
1.997  1.52757e-07
1.996  1.52757e-07
1.995  1.52757e-07
1.994  1.52757e-07
1.993  1.52757e-07
1.992  1.52757e-07
1.991  1.52757e-07
1.99  1.52757e-07
1.989  1.52757e-07
1.988  1.55597e-07
1.987  1.55597e-07
1.986  1.52757e-07
1.985  1.52757e-07
1.984  1.52757e-07
1.983  1.52757e-07
1.982  1.52757e-07
1.981  1.52757e-07
1.98  1.52757e-07
1.979  1.52757e-07
1.978  1.52757e-07
1.977  1.52757e-07
1.976  1.52757e-07
1.975  1.52757e-07
1.974  1.52757e-07
1.973  1.55597e-07
1.972  1.55597e-07
1.971  1.55597e-07
1.97  1.55597e-07
1.969  1.55597e-07
1.968  1.55597e-07
1.967  1.55597e-07
1.966  1.55597e-07
1.965  1.55597e-07
1.964  1.55597e-07
1.963  1.55597e-07
1.962  1.55597e-07
1.961  1.55597e-07
1.96  1.52757e-07
1.959  1.55597e-07
1.958  1.55597e-07
1.957  1.58489e-07
1.956  1.61436e-07
1.955  1.61436e-07
1.954  1.61436e-07
1.953  1.58489e-07
1.952  1.58489e-07
1.951  1.58489e-07
1.95  1.55597e-07
1.949  1.55597e-07
1.948  1.58489e-07
1.947  1.58489e-07
1.946  1.58489e-07
1.945  1.58489e-07
1.944  1.58489e-07
1.943  1.58489e-07
1.942  1.58489e-07
1.941  1.58489e-07
1.94  1.58489e-07
1.939  1.58489e-07
1.938  1.61436e-07
1.937  1.61436e-07
1.936  1.61436e-07
1.935  1.61436e-07
1.934  1.61436e-07
1.933  1.61436e-07
1.932  1.61436e-07
1.931  1.61436e-07
1.93  1.61436e-07
1.929  1.58489e-07
1.928  1.58489e-07
1.927  1.58489e-07
1.926  1.58489e-07
1.925  1.58489e-07
1.924  1.58489e-07
1.923  1.58489e-07
1.922  1.58489e-07
1.921  1.58489e-07
1.92  1.58489e-07
1.919  1.58489e-07
1.918  1.61436e-07
1.917  1.61436e-07
1.916  1.61436e-07
1.915  1.61436e-07
1.914  1.61436e-07
1.913  1.61436e-07
1.912  1.61436e-07
1.911  1.61436e-07
1.91  1.61436e-07
1.909  1.61436e-07
1.908  1.61436e-07
1.907  1.61436e-07
1.906  1.61436e-07
1.905  1.61436e-07
1.904  1.61436e-07
1.903  1.61436e-07
1.902  1.61436e-07
1.901  1.61436e-07
1.9  1.61436e-07
1.899  1.61436e-07
1.898  1.61436e-07
1.897  1.61436e-07
1.896  1.61436e-07
1.895  1.61436e-07
1.894  1.61436e-07
1.893  1.61436e-07
1.892  1.61436e-07
1.891  1.61436e-07
1.89  1.64437e-07
1.889  1.64437e-07
1.888  1.64437e-07
1.887  1.64437e-07
1.886  1.64437e-07
1.885  1.61436e-07
1.884  1.61436e-07
1.883  1.61436e-07
1.882  1.61436e-07
1.881  1.61436e-07
1.88  1.61436e-07
1.879  1.61436e-07
1.878  1.61436e-07
1.877  1.61436e-07
1.876  1.61436e-07
1.875  1.61436e-07
1.874  1.61436e-07
1.873  1.61436e-07
1.872  1.64437e-07
1.871  1.64437e-07
1.87  1.64437e-07
1.869  1.64437e-07
1.868  1.64437e-07
1.867  1.64437e-07
1.866  1.64437e-07
1.865  1.64437e-07
1.864  1.64437e-07
1.863  1.64437e-07
1.862  1.64437e-07
1.861  1.64437e-07
1.86  1.64437e-07
1.859  1.64437e-07
1.858  1.64437e-07
1.857  1.64437e-07
1.856  1.64437e-07
1.855  1.64437e-07
1.854  1.64437e-07
1.853  1.64437e-07
1.852  1.64437e-07
1.851  1.64437e-07
1.85  1.64437e-07
1.849  1.64437e-07
1.848  1.61436e-07
1.847  1.61436e-07
1.846  1.61436e-07
1.845  1.61436e-07
1.844  1.58489e-07
1.843  1.58489e-07
1.842  1.58489e-07
1.841  1.58489e-07
1.84  1.58489e-07
1.839  1.58489e-07
1.838  1.58489e-07
1.837  1.58489e-07
1.836  1.58489e-07
1.835  1.55597e-07
1.834  1.55597e-07
1.833  1.58489e-07
1.832  1.58489e-07
1.831  1.58489e-07
1.83  1.58489e-07
1.829  1.58489e-07
1.828  1.58489e-07
1.827  1.58489e-07
1.826  1.61436e-07
1.825  1.61436e-07
1.824  1.61436e-07
1.823  1.61436e-07
1.822  1.61436e-07
1.821  1.61436e-07
1.82  1.58489e-07
1.819  1.61436e-07
1.818  1.61436e-07
1.817  1.61436e-07
1.816  1.61436e-07
1.815  1.61436e-07
1.814  1.61436e-07
1.813  1.61436e-07
1.812  1.61436e-07
1.811  1.61436e-07
1.81  1.61436e-07
1.809  1.61436e-07
1.808  1.61436e-07
1.807  1.61436e-07
1.806  1.61436e-07
1.805  1.61436e-07
1.804  1.61436e-07
1.803  1.61436e-07
1.802  1.58489e-07
1.801  1.58489e-07
1.8  1.58489e-07
1.799  1.58489e-07
1.798  1.58489e-07
1.797  1.58489e-07
1.796  1.58489e-07
1.795  1.58489e-07
1.794  1.58489e-07
1.793  1.61436e-07
1.792  1.61436e-07
1.791  1.61436e-07
1.79  1.61436e-07
1.789  1.61436e-07
1.788  1.61436e-07
1.787  1.61436e-07
1.786  1.58489e-07
1.785  1.58489e-07
1.784  1.58489e-07
1.783  1.58489e-07
1.782  1.58489e-07
1.781  1.58489e-07
1.78  1.58489e-07
1.779  1.58489e-07
1.778  1.58489e-07
1.777  1.58489e-07
1.776  1.58489e-07
1.775  1.58489e-07
1.774  1.58489e-07
1.773  1.58489e-07
1.772  1.61436e-07
1.771  1.61436e-07
1.77  1.61436e-07
1.769  1.64437e-07
1.768  1.64437e-07
1.767  1.61436e-07
1.766  1.61436e-07
1.765  1.61436e-07
1.764  1.61436e-07
1.763  1.61436e-07
1.762  1.58489e-07
1.761  1.58489e-07
1.76  1.58489e-07
1.759  1.58489e-07
1.758  1.58489e-07
1.757  1.58489e-07
1.756  1.58489e-07
1.755  1.58489e-07
1.754  1.58489e-07
1.753  1.58489e-07
1.752  1.58489e-07
1.751  1.61436e-07
1.75  1.61436e-07
1.749  1.61436e-07
1.748  1.61436e-07
1.747  1.61436e-07
1.746  1.61436e-07
1.745  1.61436e-07
1.744  1.61436e-07
1.743  1.61436e-07
1.742  1.61436e-07
1.741  1.61436e-07
1.74  1.61436e-07
1.739  1.61436e-07
1.738  1.61436e-07
1.737  1.61436e-07
1.736  1.61436e-07
1.735  1.61436e-07
1.734  1.61436e-07
1.733  1.61436e-07
1.732  1.61436e-07
1.731  1.61436e-07
1.73  1.61436e-07
1.729  1.61436e-07
1.728  1.61436e-07
1.727  1.61436e-07
1.726  1.61436e-07
1.725  1.61436e-07
1.724  1.61436e-07
1.723  1.61436e-07
1.722  1.61436e-07
1.721  1.61436e-07
1.72  1.61436e-07
1.719  1.61436e-07
1.718  1.61436e-07
1.717  1.61436e-07
1.716  1.61436e-07
1.715  1.61436e-07
1.714  1.61436e-07
1.713  1.61436e-07
1.712  1.61436e-07
1.711  1.61436e-07
1.71  1.61436e-07
1.709  1.61436e-07
1.708  1.61436e-07
1.707  1.61436e-07
1.706  1.61436e-07
1.705  1.61436e-07
1.704  1.61436e-07
1.703  1.61436e-07
1.702  1.61436e-07
1.701  1.61436e-07
1.7  1.61436e-07
1.699  1.61436e-07
1.698  1.61436e-07
1.697  1.61436e-07
1.696  1.61436e-07
1.695  1.61436e-07
1.694  1.64437e-07
1.693  1.64437e-07
1.692  1.64437e-07
1.691  1.64437e-07
1.69  1.64437e-07
1.689  1.64437e-07
1.688  1.64437e-07
1.687  1.64437e-07
1.686  1.64437e-07
1.685  1.64437e-07
1.684  1.64437e-07
1.683  1.64437e-07
1.682  1.64437e-07
1.681  1.64437e-07
1.68  1.61436e-07
1.679  1.64437e-07
1.678  1.64437e-07
1.677  1.64437e-07
1.676  1.64437e-07
1.675  1.64437e-07
1.674  1.64437e-07
1.673  1.64437e-07
1.672  1.64437e-07
1.671  1.64437e-07
1.67  1.64437e-07
1.669  1.64437e-07
1.668  1.64437e-07
1.667  1.64437e-07
1.666  1.64437e-07
1.665  1.64437e-07
1.664  1.64437e-07
1.663  1.64437e-07
1.662  1.64437e-07
1.661  1.64437e-07
1.66  1.61436e-07
1.659  1.61436e-07
1.658  1.61436e-07
1.657  1.61436e-07
1.656  1.61436e-07
1.655  1.61436e-07
1.654  1.61436e-07
1.653  1.61436e-07
1.652  1.61436e-07
1.651  1.61436e-07
1.65  1.61436e-07
1.649  1.61436e-07
1.648  1.61436e-07
1.647  1.61436e-07
1.646  1.61436e-07
1.645  1.61436e-07
1.644  1.61436e-07
1.643  1.64437e-07
1.642  1.64437e-07
1.641  1.64437e-07
1.64  1.64437e-07
1.639  1.64437e-07
1.638  1.64437e-07
1.637  1.67494e-07
1.636  1.67494e-07
1.635  1.67494e-07
1.634  1.67494e-07
1.633  1.67494e-07
1.632  1.67494e-07
1.631  1.67494e-07
1.63  1.67494e-07
1.629  1.67494e-07
1.628  1.67494e-07
1.627  1.67494e-07
1.626  1.67494e-07
1.625  1.67494e-07
1.624  1.67494e-07
1.623  1.67494e-07
1.622  1.67494e-07
1.621  1.67494e-07
1.62  1.67494e-07
1.619  1.67494e-07
1.618  1.67494e-07
1.617  1.67494e-07
1.616  1.67494e-07
1.615  1.70608e-07
1.614  1.70608e-07
1.613  1.70608e-07
1.612  1.70608e-07
1.611  1.70608e-07
1.61  1.70608e-07
1.609  1.70608e-07
1.608  1.70608e-07
1.607  1.70608e-07
1.606  1.70608e-07
1.605  1.70608e-07
1.604  1.70608e-07
1.603  1.70608e-07
1.602  1.70608e-07
1.601  1.70608e-07
1.6  1.70608e-07
1.599  1.70608e-07
1.598  1.70608e-07
1.597  1.70608e-07
1.596  1.70608e-07
1.595  1.70608e-07
1.594  1.70608e-07
1.593  1.70608e-07
1.592  1.70608e-07
1.591  1.70608e-07
1.59  1.70608e-07
1.589  1.70608e-07
1.588  1.70608e-07
1.587  1.70608e-07
1.586  1.70608e-07
1.585  1.70608e-07
1.584  1.70608e-07
1.583  1.70608e-07
1.582  1.70608e-07
1.581  1.70608e-07
1.58  1.70608e-07
1.579  1.70608e-07
1.578  1.70608e-07
1.577  1.7378e-07
1.576  1.7378e-07
1.575  1.7378e-07
1.574  1.7378e-07
1.573  1.7378e-07
1.572  1.7378e-07
1.571  1.7378e-07
1.57  1.7378e-07
1.569  1.7378e-07
1.568  1.7378e-07
1.567  1.7378e-07
1.566  1.7378e-07
1.565  1.7378e-07
1.564  1.7378e-07
1.563  1.7378e-07
1.562  1.7378e-07
1.561  1.7378e-07
1.56  1.7378e-07
1.559  1.7378e-07
1.558  1.7378e-07
1.557  1.7378e-07
1.556  1.7378e-07
1.555  1.7378e-07
1.554  1.7378e-07
1.553  1.7378e-07
1.552  1.7378e-07
1.551  1.7378e-07
1.55  1.7378e-07
1.549  1.7378e-07
1.548  1.7378e-07
1.547  1.7378e-07
1.546  1.7378e-07
1.545  1.7378e-07
1.544  1.7378e-07
1.543  1.7378e-07
1.542  1.7378e-07
1.541  1.7378e-07
1.54  1.7378e-07
1.539  1.7378e-07
1.538  1.7378e-07
1.537  1.7378e-07
1.536  1.7378e-07
1.535  1.7378e-07
1.534  1.7378e-07
1.533  1.77011e-07
1.532  1.77011e-07
1.531  1.77011e-07
1.53  1.77011e-07
1.529  1.77011e-07
1.528  1.77011e-07
1.527  1.77011e-07
1.526  1.77011e-07
1.525  1.77011e-07
1.524  1.77011e-07
1.523  1.77011e-07
1.522  1.77011e-07
1.521  1.77011e-07
1.52  1.77011e-07
1.519  1.77011e-07
1.518  1.77011e-07
1.517  1.77011e-07
1.516  1.77011e-07
1.515  1.77011e-07
1.514  1.77011e-07
1.513  1.77011e-07
1.512  1.77011e-07
1.511  1.77011e-07
1.51  1.77011e-07
1.509  1.77011e-07
1.508  1.77011e-07
1.507  1.77011e-07
1.506  1.77011e-07
1.505  1.77011e-07
1.504  1.77011e-07
1.503  1.77011e-07
1.502  1.77011e-07
1.501  1.77011e-07
1.5  1.77011e-07
1.499  1.77011e-07
1.498  1.77011e-07
1.497  1.77011e-07
1.496  1.77011e-07
1.495  1.77011e-07
1.494  1.77011e-07
1.493  1.77011e-07
1.492  1.77011e-07
1.491  1.77011e-07
1.49  1.77011e-07
1.489  1.80302e-07
1.488  1.80302e-07
1.487  1.80302e-07
1.486  1.80302e-07
1.485  1.80302e-07
1.484  1.80302e-07
1.483  1.80302e-07
1.482  1.80302e-07
1.481  1.80302e-07
1.48  1.80302e-07
1.479  1.80302e-07
1.478  1.80302e-07
1.477  1.80302e-07
1.476  1.83654e-07
1.475  1.83654e-07
1.474  1.83654e-07
1.473  1.83654e-07
1.472  1.83654e-07
1.471  1.83654e-07
1.47  1.83654e-07
1.469  1.83654e-07
1.468  1.83654e-07
1.467  1.83654e-07
1.466  1.87068e-07
1.465  1.87068e-07
1.464  1.87068e-07
1.463  1.87068e-07
1.462  1.87068e-07
1.461  1.87068e-07
1.46  1.87068e-07
1.459  1.87068e-07
1.458  1.87068e-07
1.457  1.87068e-07
1.456  1.87068e-07
1.455  1.90546e-07
1.454  1.90546e-07
1.453  1.90546e-07
1.452  1.90546e-07
1.451  1.90546e-07
1.45  1.90546e-07
1.449  1.90546e-07
1.448  1.90546e-07
1.447  1.90546e-07
1.446  1.90546e-07
1.445  1.90546e-07
1.444  1.90546e-07
1.443  1.90546e-07
1.442  1.90546e-07
1.441  1.90546e-07
1.44  1.94089e-07
1.439  1.94089e-07
1.438  1.94089e-07
1.437  1.94089e-07
1.436  1.94089e-07
1.435  1.94089e-07
1.434  1.94089e-07
1.433  1.94089e-07
1.432  1.94089e-07
1.431  1.94089e-07
1.43  1.94089e-07
1.429  1.94089e-07
1.428  1.94089e-07
1.427  1.94089e-07
1.426  1.94089e-07
1.425  1.94089e-07
1.424  1.94089e-07
1.423  1.94089e-07
1.422  1.94089e-07
1.421  1.94089e-07
1.42  1.94089e-07
1.419  1.94089e-07
1.418  1.94089e-07
1.417  1.94089e-07
1.416  1.94089e-07
1.415  1.94089e-07
1.414  1.94089e-07
1.413  1.94089e-07
1.412  1.94089e-07
1.411  1.94089e-07
1.41  1.94089e-07
1.409  1.94089e-07
1.408  1.94089e-07
1.407  1.94089e-07
1.406  1.94089e-07
1.405  1.94089e-07
1.404  1.94089e-07
1.403  1.94089e-07
1.402  1.94089e-07
1.401  1.90546e-07
1.4  1.90546e-07
1.399  1.90546e-07
1.398  1.94089e-07
1.397  1.94089e-07
1.396  1.94089e-07
1.395  1.94089e-07
1.394  1.94089e-07
1.393  1.94089e-07
1.392  1.94089e-07
1.391  1.94089e-07
1.39  1.94089e-07
1.389  1.94089e-07
1.388  1.97697e-07
1.387  1.97697e-07
1.386  1.97697e-07
1.385  1.97697e-07
1.384  1.97697e-07
1.383  1.97697e-07
1.382  1.97697e-07
1.381  1.97697e-07
1.38  1.97697e-07
1.379  1.97697e-07
1.378  1.97697e-07
1.377  1.97697e-07
1.376  1.97697e-07
1.375  1.97697e-07
1.374  1.97697e-07
1.373  1.97697e-07
1.372  1.97697e-07
1.371  1.97697e-07
1.37  1.97697e-07
1.369  1.97697e-07
1.368  1.97697e-07
1.367  2.01372e-07
1.366  2.01372e-07
1.365  2.01372e-07
1.364  2.01372e-07
1.363  2.01372e-07
1.362  2.01372e-07
1.361  2.01372e-07
1.36  1.97697e-07
1.359  1.97697e-07
1.358  1.97697e-07
1.357  1.97697e-07
1.356  1.97697e-07
1.355  1.97697e-07
1.354  1.97697e-07
1.353  1.97697e-07
1.352  1.97697e-07
1.351  2.01372e-07
1.35  2.01372e-07
1.349  2.01372e-07
1.348  2.01372e-07
1.347  2.05116e-07
1.346  2.05116e-07
1.345  2.05116e-07
1.344  2.05116e-07
1.343  2.05116e-07
1.342  2.05116e-07
1.341  2.01372e-07
1.34  2.01372e-07
1.339  2.05116e-07
1.338  2.05116e-07
1.337  2.05116e-07
1.336  2.05116e-07
1.335  2.05116e-07
1.334  2.05116e-07
1.333  2.05116e-07
1.332  2.05116e-07
1.331  2.05116e-07
1.33  2.05116e-07
1.329  2.0893e-07
1.328  2.0893e-07
1.327  2.0893e-07
1.326  2.0893e-07
1.325  2.0893e-07
1.324  2.0893e-07
1.323  2.0893e-07
1.322  2.0893e-07
1.321  2.0893e-07
1.32  2.0893e-07
1.319  2.0893e-07
1.318  2.0893e-07
1.317  2.0893e-07
1.316  2.0893e-07
1.315  2.0893e-07
1.314  2.0893e-07
1.313  2.0893e-07
1.312  2.0893e-07
1.311  2.0893e-07
1.31  2.0893e-07
1.309  2.0893e-07
1.308  2.0893e-07
1.307  2.0893e-07
1.306  2.0893e-07
1.305  2.0893e-07
1.304  2.0893e-07
1.303  2.0893e-07
1.302  2.0893e-07
1.301  2.0893e-07
1.3  2.0893e-07
1.299  2.0893e-07
1.298  2.12814e-07
1.297  2.12814e-07
1.296  2.12814e-07
1.295  2.12814e-07
1.294  2.12814e-07
1.293  2.12814e-07
1.292  2.1677e-07
1.291  2.12814e-07
1.29  2.12814e-07
1.289  2.12814e-07
1.288  2.12814e-07
1.287  2.1677e-07
1.286  2.1677e-07
1.285  2.1677e-07
1.284  2.1677e-07
1.283  2.12814e-07
1.282  2.12814e-07
1.281  2.12814e-07
1.28  2.12814e-07
1.279  2.1677e-07
1.278  2.1677e-07
1.277  2.1677e-07
1.276  2.1677e-07
1.275  2.1677e-07
1.274  2.1677e-07
1.273  2.1677e-07
1.272  2.1677e-07
1.271  2.1677e-07
1.27  2.1677e-07
1.269  2.1677e-07
1.268  2.1677e-07
1.267  2.1677e-07
1.266  2.1677e-07
1.265  2.1677e-07
1.264  2.1677e-07
1.263  2.1677e-07
1.262  2.1677e-07
1.261  2.1677e-07
1.26  2.1677e-07
1.259  2.1677e-07
1.258  2.1677e-07
1.257  2.1677e-07
1.256  2.1677e-07
1.255  2.1677e-07
1.254  2.208e-07
1.253  2.208e-07
1.252  2.208e-07
1.251  2.208e-07
1.25  2.208e-07
1.249  2.208e-07
1.248  2.208e-07
1.247  2.208e-07
1.246  2.208e-07
1.245  2.208e-07
1.244  2.208e-07
1.243  2.208e-07
1.242  2.208e-07
1.241  2.208e-07
1.24  2.208e-07
1.239  2.208e-07
1.238  2.208e-07
1.237  2.208e-07
1.236  2.208e-07
1.235  2.208e-07
1.234  2.208e-07
1.233  2.208e-07
1.232  2.208e-07
1.231  2.208e-07
1.23  2.208e-07
1.229  2.24905e-07
1.228  2.24905e-07
1.227  2.24905e-07
1.226  2.24905e-07
1.225  2.24905e-07
1.224  2.24905e-07
1.223  2.24905e-07
1.222  2.24905e-07
1.221  2.24905e-07
1.22  2.24905e-07
1.219  2.24905e-07
1.218  2.29087e-07
1.217  2.29087e-07
1.216  2.29087e-07
1.215  2.29087e-07
1.214  2.29087e-07
1.213  2.29087e-07
1.212  2.24905e-07
1.211  2.24905e-07
1.21  2.24905e-07
1.209  2.24905e-07
1.208  2.24905e-07
1.207  2.24905e-07
1.206  2.24905e-07
1.205  2.29087e-07
1.204  2.29087e-07
1.203  2.29087e-07
1.202  2.29087e-07
1.201  2.29087e-07
1.2  2.29087e-07
1.199  2.29087e-07
1.198  2.29087e-07
1.197  2.29087e-07
1.196  2.29087e-07
1.195  2.29087e-07
1.194  2.29087e-07
1.193  2.29087e-07
1.192  2.33346e-07
1.191  2.33346e-07
1.19  2.33346e-07
1.189  2.33346e-07
1.188  2.33346e-07
1.187  2.29087e-07
1.186  2.29087e-07
1.185  2.29087e-07
1.184  2.29087e-07
1.183  2.29087e-07
1.182  2.29087e-07
1.181  2.29087e-07
1.18  2.29087e-07
1.179  2.29087e-07
1.178  2.29087e-07
1.177  2.29087e-07
1.176  2.29087e-07
1.175  2.29087e-07
1.174  2.29087e-07
1.173  2.29087e-07
1.172  2.29087e-07
1.171  2.29087e-07
1.17  2.29087e-07
1.169  2.33346e-07
1.168  2.33346e-07
1.167  2.33346e-07
1.166  2.33346e-07
1.165  2.33346e-07
1.164  2.37684e-07
1.163  2.33346e-07
1.162  2.33346e-07
1.161  2.33346e-07
1.16  2.33346e-07
1.159  2.33346e-07
1.158  2.33346e-07
1.157  2.33346e-07
1.156  2.33346e-07
1.155  2.33346e-07
1.154  2.33346e-07
1.153  2.33346e-07
1.152  2.33346e-07
1.151  2.33346e-07
1.15  2.33346e-07
1.149  2.33346e-07
1.148  2.33346e-07
1.147  2.33346e-07
1.146  2.33346e-07
1.145  2.37684e-07
1.144  2.37684e-07
1.143  2.37684e-07
1.142  2.37684e-07
1.141  2.37684e-07
1.14  2.37684e-07
1.139  2.37684e-07
1.138  2.37684e-07
1.137  2.37684e-07
1.136  2.37684e-07
1.135  2.37684e-07
1.134  2.37684e-07
1.133  2.37684e-07
1.132  2.37684e-07
1.131  2.37684e-07
1.13  2.37684e-07
1.129  2.42103e-07
1.128  2.42103e-07
1.127  2.42103e-07
1.126  2.42103e-07
1.125  2.42103e-07
1.124  2.42103e-07
1.123  2.42103e-07
1.122  2.42103e-07
1.121  2.42103e-07
1.12  2.42103e-07
1.119  2.42103e-07
1.118  2.42103e-07
1.117  2.42103e-07
1.116  2.42103e-07
1.115  2.42103e-07
1.114  2.42103e-07
1.113  2.42103e-07
1.112  2.42103e-07
1.111  2.42103e-07
1.11  2.42103e-07
1.109  2.42103e-07
1.108  2.37684e-07
1.107  2.37684e-07
1.106  2.37684e-07
1.105  2.37684e-07
1.104  2.37684e-07
1.103  2.42103e-07
1.102  2.42103e-07
1.101  2.42103e-07
1.1  2.42103e-07
1.099  2.37684e-07
1.098  2.37684e-07
1.097  2.37684e-07
1.096  2.42103e-07
1.095  2.42103e-07
1.094  2.37684e-07
1.093  2.37684e-07
1.092  2.37684e-07
1.091  2.37684e-07
1.09  2.37684e-07
1.089  2.37684e-07
1.088  2.42103e-07
1.087  2.42103e-07
1.086  2.42103e-07
1.085  2.42103e-07
1.084  2.37684e-07
1.083  2.37684e-07
1.082  2.37684e-07
1.081  2.37684e-07
1.08  2.37684e-07
1.079  2.37684e-07
1.078  2.33346e-07
1.077  2.33346e-07
1.076  2.33346e-07
1.075  2.33346e-07
1.074  2.33346e-07
1.073  2.33346e-07
1.072  2.33346e-07
1.071  2.37684e-07
1.07  2.37684e-07
1.069  2.37684e-07
1.068  2.37684e-07
1.067  2.37684e-07
1.066  2.37684e-07
1.065  2.37684e-07
1.064  2.37684e-07
1.063  2.37684e-07
1.062  2.37684e-07
1.061  2.37684e-07
1.06  2.37684e-07
1.059  2.37684e-07
1.058  2.33346e-07
1.057  2.33346e-07
1.056  2.33346e-07
1.055  2.37684e-07
1.054  2.37684e-07
1.053  2.37684e-07
1.052  2.37684e-07
1.051  2.33346e-07
1.05  2.33346e-07
1.049  2.33346e-07
1.048  2.33346e-07
1.047  2.29087e-07
1.046  2.29087e-07
1.045  2.29087e-07
1.044  2.29087e-07
1.043  2.24905e-07
1.042  2.24905e-07
1.041  2.24905e-07
1.04  2.24905e-07
1.039  2.208e-07
1.038  2.208e-07
1.037  2.1677e-07
1.036  2.1677e-07
1.035  2.1677e-07
1.034  2.12814e-07
1.033  2.0893e-07
1.032  2.05116e-07
1.031  2.01372e-07
1.03  2.01372e-07
1.029  1.97697e-07
1.028  1.94089e-07
1.027  1.90546e-07
1.026  1.87068e-07
1.025  1.83654e-07
1.024  1.83654e-07
1.023  1.83654e-07
1.022  1.90546e-07
1.017  1.97697e-07
1.016  1.83654e-07
1.015  1.83654e-07
1.014  1.87068e-07
1.013  1.90546e-07
1.012  1.97697e-07
1.011  2.05116e-07
1.01  2.1677e-07
1.009  2.1677e-07
1.008  2.24905e-07
1.007  2.33346e-07
1.006  2.33346e-07
1.005  2.37684e-07
1.004  2.37684e-07
1.003  2.42103e-07
1.002  2.42103e-07
1.001  2.42103e-07
1  2.42103e-07
0.999  2.42103e-07
0.998  2.42103e-07
0.997  2.46604e-07
0.996  2.46604e-07
0.995  2.46604e-07
0.994  2.51189e-07
0.993  2.51189e-07
0.992  2.51189e-07
0.991  2.51189e-07
0.99  2.51189e-07
0.989  2.51189e-07
0.988  2.55859e-07
0.987  2.55859e-07
0.986  2.55859e-07
0.985  2.60615e-07
0.984  2.60615e-07
0.983  2.55859e-07
0.982  2.55859e-07
0.981  2.51189e-07
0.98  2.51189e-07
0.979  2.51189e-07
0.978  2.51189e-07
0.977  2.51189e-07
0.976  2.51189e-07
0.975  2.51189e-07
0.974  2.51189e-07
0.973  2.51189e-07
0.972  2.51189e-07
0.971  2.51189e-07
0.97  2.55859e-07
0.969  2.51189e-07
0.968  2.51189e-07
0.967  2.55859e-07
0.966  2.55859e-07
0.965  2.55859e-07
0.964  2.55859e-07
0.963  2.55859e-07
0.962  2.51189e-07
0.961  2.51189e-07
0.96  2.51189e-07
0.959  2.51189e-07
0.958  2.51189e-07
0.957  2.51189e-07
0.956  2.55859e-07
0.955  2.55859e-07
0.954  2.51189e-07
0.953  2.51189e-07
0.952  2.51189e-07
0.951  2.51189e-07
0.95  2.51189e-07
0.949  2.51189e-07
0.948  2.55859e-07
0.947  2.55859e-07
0.946  2.51189e-07
0.945  2.51189e-07
0.944  2.51189e-07
0.943  2.51189e-07
0.942  2.51189e-07
0.941  2.51189e-07
0.94  2.51189e-07
0.939  2.51189e-07
0.938  2.51189e-07
0.937  2.51189e-07
0.936  2.51189e-07
0.935  2.51189e-07
0.934  2.51189e-07
0.933  2.51189e-07
0.932  2.51189e-07
0.931  2.46604e-07
0.93  2.46604e-07
0.929  2.46604e-07
0.928  2.51189e-07
0.927  2.51189e-07
0.926  2.46604e-07
0.925  2.46604e-07
0.924  2.46604e-07
0.923  2.46604e-07
0.922  2.46604e-07
0.921  2.46604e-07
0.92  2.46604e-07
0.919  2.46604e-07
0.918  2.46604e-07
0.917  2.46604e-07
0.916  2.46604e-07
0.915  2.46604e-07
0.914  2.46604e-07
0.913  2.46604e-07
0.912  2.46604e-07
0.911  2.46604e-07
0.91  2.46604e-07
0.909  2.46604e-07
0.908  2.42103e-07
0.907  2.42103e-07
0.906  2.42103e-07
0.905  2.42103e-07
0.904  2.42103e-07
0.903  2.42103e-07
0.902  2.42103e-07
0.901  2.42103e-07
0.9  2.42103e-07
0.899  2.42103e-07
0.898  2.42103e-07
0.897  2.42103e-07
0.896  2.42103e-07
0.895  2.42103e-07
0.894  2.37684e-07
0.893  2.37684e-07
0.892  2.37684e-07
0.891  2.42103e-07
0.89  2.42103e-07
0.889  2.42103e-07
0.888  2.37684e-07
0.887  2.37684e-07
0.886  2.37684e-07
0.885  2.37684e-07
0.884  2.37684e-07
0.883  2.37684e-07
0.882  2.37684e-07
0.881  2.37684e-07
0.88  2.37684e-07
0.879  2.37684e-07
0.878  2.37684e-07
0.877  2.33346e-07
0.876  2.33346e-07
0.875  2.33346e-07
0.874  2.33346e-07
0.873  2.33346e-07
0.872  2.33346e-07
0.871  2.33346e-07
0.87  2.33346e-07
0.869  2.33346e-07
0.868  2.33346e-07
0.867  2.29087e-07
0.866  2.29087e-07
0.865  2.29087e-07
0.864  2.29087e-07
0.863  2.29087e-07
0.862  2.24905e-07
0.861  2.24905e-07
0.86  2.24905e-07
0.859  2.24905e-07
0.858  2.29087e-07
0.857  2.29087e-07
0.856  2.29087e-07
0.855  2.29087e-07
0.854  2.29087e-07
0.853  2.29087e-07
0.852  2.29087e-07
0.851  2.29087e-07
0.85  2.29087e-07
0.849  2.29087e-07
0.848  2.24905e-07
0.847  2.24905e-07
0.846  2.24905e-07
0.845  2.24905e-07
0.844  2.24905e-07
0.843  2.24905e-07
0.842  2.24905e-07
0.841  2.24905e-07
0.84  2.24905e-07
0.839  2.24905e-07
0.838  2.24905e-07
0.837  2.208e-07
0.836  2.208e-07
0.835  2.208e-07
0.834  2.208e-07
0.833  2.208e-07
0.832  2.208e-07
0.831  2.208e-07
0.83  2.208e-07
0.829  2.208e-07
0.828  2.208e-07
0.827  2.208e-07
0.826  2.208e-07
0.825  2.208e-07
0.824  2.208e-07
0.823  2.208e-07
0.822  2.208e-07
0.821  2.208e-07
0.82  2.208e-07
0.819  2.208e-07
0.818  2.208e-07
0.817  2.208e-07
0.816  2.208e-07
0.815  2.208e-07
0.814  2.208e-07
0.813  2.1677e-07
0.812  2.1677e-07
0.811  2.1677e-07
0.81  2.1677e-07
0.809  2.1677e-07
0.808  2.1677e-07
0.807  2.1677e-07
0.806  2.1677e-07
0.805  2.1677e-07
0.804  2.1677e-07
0.803  2.1677e-07
0.802  2.1677e-07
0.801  2.1677e-07
0.8  2.1677e-07
0.799  2.1677e-07
0.798  2.1677e-07
0.797  2.1677e-07
0.796  2.1677e-07
0.795  2.12814e-07
0.794  2.1677e-07
0.793  2.1677e-07
0.792  2.12814e-07
0.791  2.12814e-07
0.79  2.12814e-07
0.789  2.12814e-07
0.788  2.12814e-07
0.787  2.1677e-07
0.786  2.1677e-07
0.785  2.1677e-07
0.784  2.208e-07
0.783  2.24905e-07
0.782  2.29087e-07
0.781  2.24905e-07
0.78  2.208e-07
0.779  2.208e-07
0.778  2.1677e-07
0.777  2.1677e-07
0.776  2.1677e-07
0.775  2.1677e-07
0.774  2.1677e-07
0.773  2.1677e-07
0.772  2.1677e-07
0.771  2.1677e-07
0.77  2.1677e-07
0.769  2.1677e-07
0.768  2.1677e-07
0.767  2.1677e-07
0.766  2.1677e-07
0.765  2.1677e-07
0.764  2.1677e-07
0.763  2.1677e-07
0.762  2.1677e-07
0.761  2.1677e-07
0.76  2.208e-07
0.759  2.208e-07
0.758  2.208e-07
0.757  2.208e-07
0.756  2.208e-07
0.755  2.208e-07
0.754  2.208e-07
0.753  2.208e-07
0.752  2.208e-07
0.751  2.208e-07
0.75  2.208e-07
0.749  2.208e-07
0.748  2.208e-07
0.747  2.24905e-07
0.746  2.24905e-07
0.745  2.24905e-07
0.744  2.24905e-07
0.743  2.24905e-07
0.742  2.24905e-07
0.741  2.24905e-07
0.74  2.208e-07
0.739  2.24905e-07
0.738  2.24905e-07
0.737  2.24905e-07
0.736  2.24905e-07
0.735  2.24905e-07
0.734  2.24905e-07
0.733  2.24905e-07
0.732  2.24905e-07
0.731  2.24905e-07
0.73  2.29087e-07
0.729  2.29087e-07
0.728  2.29087e-07
0.727  2.29087e-07
0.726  2.29087e-07
0.725  2.29087e-07
0.724  2.29087e-07
0.723  2.29087e-07
0.722  2.29087e-07
0.721  2.29087e-07
0.72  2.33346e-07
0.719  2.33346e-07
0.718  2.33346e-07
0.717  2.33346e-07
0.716  2.33346e-07
0.715  2.33346e-07
0.714  2.37684e-07
0.713  2.37684e-07
0.712  2.37684e-07
0.711  2.37684e-07
0.71  2.37684e-07
0.709  2.37684e-07
0.708  2.37684e-07
0.707  2.37684e-07
0.706  2.42103e-07
0.705  2.42103e-07
0.704  2.42103e-07
0.703  2.42103e-07
0.702  2.42103e-07
0.701  2.42103e-07
0.7  2.42103e-07
0.699  2.42103e-07
0.698  2.46604e-07
0.697  2.46604e-07
0.696  2.46604e-07
0.695  2.46604e-07
0.694  2.46604e-07
0.693  2.46604e-07
0.692  2.46604e-07
0.691  2.46604e-07
0.69  2.46604e-07
0.689  2.51189e-07
0.688  2.51189e-07
0.687  2.51189e-07
0.686  2.51189e-07
0.685  2.51189e-07
0.684  2.51189e-07
0.683  2.51189e-07
0.682  2.51189e-07
0.681  2.51189e-07
0.68  2.51189e-07
0.679  2.55859e-07
0.678  2.55859e-07
0.677  2.60615e-07
0.676  2.60615e-07
0.675  2.60615e-07
0.674  2.60615e-07
0.673  2.60615e-07
0.672  2.60615e-07
0.671  2.65461e-07
0.67  2.65461e-07
0.669  2.65461e-07
0.668  2.65461e-07
0.667  2.65461e-07
0.666  2.65461e-07
0.665  2.65461e-07
0.664  2.65461e-07
0.663  2.70396e-07
0.662  2.70396e-07
0.661  2.70396e-07
0.66  2.70396e-07
0.659  2.70396e-07
0.658  2.70396e-07
0.657  2.70396e-07
0.656  2.75423e-07
0.655  2.75423e-07
0.654  2.75423e-07
0.653  2.75423e-07
0.652  2.75423e-07
0.651  2.75423e-07
0.65  2.75423e-07
0.649  2.80543e-07
0.648  2.80543e-07
0.647  2.80543e-07
0.646  2.80543e-07
0.645  2.80543e-07
0.644  2.80543e-07
0.643  2.80543e-07
0.642  2.85759e-07
0.641  2.85759e-07
0.64  2.96483e-07
0.639  2.91072e-07
0.638  2.91072e-07
0.637  2.91072e-07
0.636  2.91072e-07
0.635  2.91072e-07
0.634  2.91072e-07
0.633  2.91072e-07
0.632  2.91072e-07
0.631  2.91072e-07
0.63  2.96483e-07
0.629  2.96483e-07
0.628  2.96483e-07
0.627  2.96483e-07
0.626  2.96483e-07
0.625  2.96483e-07
0.624  2.96483e-07
0.623  3.01995e-07
0.622  3.01995e-07
0.621  3.01995e-07
0.62  3.0761e-07
0.619  3.0761e-07
0.618  3.0761e-07
0.617  3.0761e-07
0.616  3.0761e-07
0.615  3.13329e-07
0.614  3.13329e-07
0.613  3.13329e-07
0.612  3.13329e-07
0.611  3.13329e-07
0.61  3.13329e-07
0.609  3.13329e-07
0.608  3.13329e-07
0.607  3.13329e-07
0.606  3.13329e-07
0.605  3.19154e-07
0.604  3.19154e-07
0.603  3.19154e-07
0.602  3.19154e-07
0.601  3.19154e-07
0.6  3.25087e-07
0.599  3.25087e-07
0.598  3.25087e-07
0.597  3.25087e-07
0.596  3.31131e-07
0.595  3.31131e-07
0.594  3.31131e-07
0.593  3.31131e-07
0.592  3.31131e-07
0.591  3.31131e-07
0.59  3.37287e-07
0.589  3.37287e-07
0.588  3.37287e-07
0.587  3.37287e-07
0.586  3.37287e-07
0.585  3.37287e-07
0.584  3.43558e-07
0.583  3.43558e-07
0.582  3.43558e-07
0.581  3.43558e-07
0.58  3.43558e-07
0.579  3.43558e-07
0.578  3.49945e-07
0.577  3.49945e-07
0.576  3.49945e-07
0.575  3.49945e-07
0.574  3.49945e-07
0.573  3.49945e-07
0.572  3.49945e-07
0.571  3.49945e-07
0.57  3.56451e-07
0.569  3.56451e-07
0.568  3.56451e-07
0.567  3.56451e-07
0.566  3.56451e-07
0.565  3.56451e-07
0.564  3.56451e-07
0.563  3.63078e-07
0.562  3.63078e-07
0.561  3.63078e-07
0.56  3.63078e-07
0.559  3.63078e-07
0.558  3.63078e-07
0.557  3.63078e-07
0.556  3.63078e-07
0.555  3.69828e-07
0.554  3.69828e-07
0.553  3.69828e-07
0.552  3.69828e-07
0.551  3.69828e-07
0.55  3.69828e-07
0.549  3.69828e-07
0.548  3.69828e-07
0.547  3.76704e-07
0.546  3.76704e-07
0.545  3.76704e-07
0.544  3.76704e-07
0.543  3.76704e-07
0.542  3.76704e-07
0.541  3.76704e-07
0.54  3.76704e-07
0.539  3.76704e-07
0.538  3.83707e-07
0.537  3.83707e-07
0.536  3.83707e-07
0.535  3.83707e-07
0.534  3.83707e-07
0.533  3.83707e-07
0.532  3.83707e-07
0.531  3.90841e-07
0.53  3.90841e-07
0.529  3.90841e-07
0.528  3.90841e-07
0.527  3.90841e-07
0.526  3.98107e-07
0.525  3.98107e-07
0.524  3.98107e-07
0.523  3.98107e-07
0.522  3.98107e-07
0.521  4.05509e-07
0.52  4.05509e-07
0.519  4.05509e-07
0.518  4.05509e-07
0.517  4.05509e-07
0.516  4.05509e-07
0.515  4.05509e-07
0.514  4.05509e-07
0.513  4.05509e-07
0.512  4.05509e-07
0.511  4.05509e-07
0.51  4.05509e-07
0.509  4.13048e-07
0.508  4.13048e-07
0.507  4.13048e-07
0.506  4.13048e-07
0.505  4.13048e-07
0.504  4.13048e-07
0.503  4.13048e-07
0.502  4.20727e-07
0.501  4.20727e-07
0.5  4.20727e-07
0.499  4.20727e-07
0.498  4.20727e-07
0.497  4.20727e-07
0.496  4.20727e-07
0.495  4.20727e-07
0.494  4.28549e-07
0.493  4.28549e-07
0.492  4.28549e-07
0.491  4.28549e-07
0.49  4.28549e-07
0.489  4.28549e-07
0.488  4.28549e-07
0.487  4.28549e-07
0.486  4.28549e-07
0.485  4.36516e-07
0.484  4.36516e-07
0.483  4.36516e-07
0.482  4.36516e-07
0.481  4.36516e-07
0.48  4.36516e-07
0.479  4.36516e-07
0.478  4.36516e-07
0.477  4.44631e-07
0.476  4.44631e-07
0.475  4.44631e-07
0.474  4.44631e-07
0.473  4.44631e-07
0.472  4.44631e-07
0.471  4.52898e-07
0.47  4.52898e-07
0.469  4.52898e-07
0.468  4.52898e-07
0.467  4.52898e-07
0.466  4.61318e-07
0.465  4.61318e-07
0.464  4.61318e-07
0.463  4.61318e-07
0.462  4.61318e-07
0.461  4.69894e-07
0.46  4.69894e-07
0.459  4.69894e-07
0.458  4.69894e-07
0.457  4.69894e-07
0.456  4.69894e-07
0.455  4.69894e-07
0.454  4.69894e-07
0.453  4.69894e-07
0.452  4.69894e-07
0.451  4.69894e-07
0.45  4.69894e-07
0.449  4.69894e-07
0.448  4.69894e-07
0.447  4.7863e-07
0.446  4.7863e-07
0.445  4.7863e-07
0.444  4.7863e-07
0.443  4.7863e-07
0.442  4.7863e-07
0.441  4.87528e-07
0.44  4.87528e-07
0.439  4.7863e-07
0.438  4.7863e-07
0.437  4.7863e-07
0.436  4.87528e-07
0.435  4.87528e-07
0.434  4.87528e-07
0.433  4.87528e-07
0.432  4.87528e-07
0.431  4.96592e-07
0.43  4.96592e-07
0.429  4.96592e-07
0.428  4.96592e-07
0.427  4.96592e-07
0.426  5.05825e-07
0.425  5.05825e-07
0.424  5.05825e-07
0.423  5.05825e-07
0.422  5.05825e-07
0.421  5.15229e-07
0.42  5.15229e-07
0.419  5.15229e-07
0.418  5.15229e-07
0.417  5.15229e-07
0.416  5.15229e-07
0.415  5.15229e-07
0.414  5.15229e-07
0.413  5.15229e-07
0.412  5.15229e-07
0.411  5.24807e-07
0.41  5.24807e-07
0.409  5.24807e-07
0.408  5.24807e-07
0.407  5.24807e-07
0.406  5.24807e-07
0.405  5.34564e-07
0.404  5.34564e-07
0.403  5.34564e-07
0.402  5.34564e-07
0.401  5.34564e-07
0.4  5.34564e-07
0.399  5.44503e-07
0.398  5.44503e-07
0.397  5.44503e-07
0.396  5.44503e-07
0.395  5.44503e-07
0.394  5.44503e-07
0.393  5.44503e-07
0.392  5.54626e-07
0.391  5.54626e-07
0.39  5.54626e-07
0.389  5.54626e-07
0.388  5.54626e-07
0.387  5.54626e-07
0.386  5.54626e-07
0.385  5.54626e-07
0.384  5.54626e-07
0.383  5.54626e-07
0.382  5.54626e-07
0.381  5.54626e-07
0.38  5.64937e-07
0.379  5.64937e-07
0.378  5.64937e-07
0.377  5.64937e-07
0.376  5.64937e-07
0.375  5.64937e-07
0.374  5.7544e-07
0.373  5.7544e-07
0.372  5.7544e-07
0.371  5.7544e-07
0.37  5.7544e-07
0.369  5.86138e-07
0.368  5.86138e-07
0.367  5.86138e-07
0.366  5.86138e-07
0.365  5.86138e-07
0.364  5.97035e-07
0.363  5.97035e-07
0.362  5.97035e-07
0.361  5.97035e-07
0.36  5.97035e-07
0.359  5.97035e-07
0.358  5.97035e-07
0.357  5.97035e-07
0.356  6.08135e-07
0.355  6.08135e-07
0.354  6.08135e-07
0.353  6.08135e-07
0.352  6.08135e-07
0.351  6.08135e-07
0.35  6.19441e-07
0.349  6.19441e-07
0.348  6.19441e-07
0.347  6.19441e-07
0.346  6.19441e-07
0.345  6.19441e-07
0.344  6.19441e-07
0.343  6.30957e-07
0.342  6.30957e-07
0.341  6.30957e-07
0.34  6.30957e-07
0.339  6.30957e-07
0.338  6.30957e-07
0.337  6.42688e-07
0.336  6.42688e-07
0.335  6.42688e-07
0.334  6.42688e-07
0.333  6.42688e-07
0.332  6.42688e-07
0.331  6.42688e-07
0.33  6.54636e-07
0.329  6.54636e-07
0.328  6.54636e-07
0.327  6.54636e-07
0.326  6.54636e-07
0.325  6.54636e-07
0.324  6.66807e-07
0.323  6.66807e-07
0.322  6.66807e-07
0.321  6.66807e-07
0.32  6.66807e-07
0.319  6.66807e-07
0.318  6.79204e-07
0.317  6.79204e-07
0.316  6.79204e-07
0.315  6.79204e-07
0.314  6.79204e-07
0.313  6.79204e-07
0.312  6.91831e-07
0.311  6.91831e-07
0.31  6.91831e-07
0.309  6.91831e-07
0.308  6.91831e-07
0.307  7.04693e-07
0.306  7.04693e-07
0.305  7.04693e-07
0.304  7.04693e-07
0.303  7.04693e-07
0.302  7.17794e-07
0.301  7.17794e-07
0.3  7.17794e-07
0.299  7.17794e-07
0.298  7.17794e-07
0.297  7.31139e-07
0.296  7.31139e-07
0.295  7.31139e-07
0.294  7.31139e-07
0.293  7.31139e-07
0.292  7.44732e-07
0.291  7.44732e-07
0.29  7.44732e-07
0.289  7.44732e-07
0.288  7.44732e-07
0.287  7.58578e-07
0.286  7.58578e-07
0.285  7.58578e-07
0.284  7.58578e-07
0.283  7.72681e-07
0.282  7.72681e-07
0.281  7.72681e-07
0.28  7.72681e-07
0.279  7.87046e-07
0.278  7.87046e-07
0.277  7.87046e-07
0.276  7.87046e-07
0.275  8.01678e-07
0.274  8.01678e-07
0.273  8.01678e-07
0.272  8.16582e-07
0.271  8.16582e-07
0.27  8.16582e-07
0.269  8.16582e-07
0.268  8.31764e-07
0.267  8.31764e-07
0.266  8.31764e-07
0.265  8.47227e-07
0.264  8.47227e-07
0.263  8.47227e-07
0.262  8.62979e-07
0.261  8.62979e-07
0.26  8.62979e-07
0.259  8.79023e-07
0.258  8.79023e-07
0.257  8.95365e-07
0.256  8.95365e-07
0.255  9.12011e-07
0.254  9.12011e-07
0.253  9.12011e-07
0.252  9.28966e-07
0.251  9.28966e-07
0.251  4.20727e-06
