0.845  6.79204e-07
0.846  6.91831e-07
0.847  7.04693e-07
0.848  7.44732e-07
0.849  7.72681e-07
0.85  7.87046e-07
0.851  7.87046e-07
0.852  8.01678e-07
0.853  8.01678e-07
0.854  8.01678e-07
0.855  8.01678e-07
0.856  8.16582e-07
0.857  8.16582e-07
0.858  8.16582e-07
0.859  7.87046e-07
0.86  7.72681e-07
0.861  7.87046e-07
0.862  8.01678e-07
0.863  8.16582e-07
0.864  8.31764e-07
0.865  8.47227e-07
0.866  8.62979e-07
0.867  8.79023e-07
0.868  8.95365e-07
0.869  9.12011e-07
0.87  9.28966e-07
0.871  9.28966e-07
0.872  9.28966e-07
0.873  9.46237e-07
0.874  9.46237e-07
0.875  9.46237e-07
0.876  9.46237e-07
0.877  9.63829e-07
0.878  9.63829e-07
0.879  9.63829e-07
0.88  9.63829e-07
0.881  9.63829e-07
0.882  9.81748e-07
0.883  9.81748e-07
0.884  1e-06
0.885  1e-06
0.886  1.01859e-06
0.887  1.01859e-06
0.888  1.01859e-06
0.889  1.03753e-06
0.89  1.03753e-06
0.891  1.03753e-06
0.892  1.01859e-06
0.893  1.01859e-06
0.894  1.01859e-06
0.895  1.03753e-06
0.896  1.05682e-06
0.897  1.05682e-06
0.898  1.05682e-06
0.899  1.05682e-06
0.9  1.05682e-06
0.901  1.05682e-06
0.902  1.07647e-06
0.903  1.07647e-06
0.904  1.07647e-06
0.905  1.07647e-06
0.906  1.07647e-06
0.907  1.07647e-06
0.908  1.07647e-06
0.909  1.09648e-06
0.91  1.09648e-06
0.911  1.09648e-06
0.912  1.11686e-06
0.913  1.11686e-06
0.914  1.11686e-06
0.915  1.11686e-06
0.916  1.11686e-06
0.917  1.11686e-06
0.918  1.11686e-06
0.919  1.13763e-06
0.92  1.11686e-06
0.921  1.11686e-06
0.922  1.11686e-06
0.923  1.11686e-06
0.924  1.13763e-06
0.925  1.13763e-06
0.926  1.13763e-06
0.927  1.13763e-06
0.928  1.15878e-06
0.929  1.13763e-06
0.93  1.13763e-06
0.931  1.13763e-06
0.932  1.15878e-06
0.933  1.15878e-06
0.934  1.15878e-06
0.935  1.15878e-06
0.936  1.15878e-06
0.937  1.18032e-06
0.938  1.18032e-06
0.939  1.15878e-06
0.94  1.15878e-06
0.941  1.15878e-06
0.942  1.15878e-06
0.943  1.15878e-06
0.944  1.15878e-06
0.945  1.18032e-06
0.946  1.18032e-06
0.947  1.18032e-06
0.948  1.18032e-06
0.949  1.18032e-06
0.95  1.18032e-06
0.951  1.18032e-06
0.952  1.18032e-06
0.953  1.18032e-06
0.954  1.18032e-06
0.955  1.18032e-06
0.956  1.20226e-06
0.957  1.18032e-06
0.958  1.18032e-06
0.959  1.18032e-06
0.96  1.18032e-06
0.961  1.18032e-06
0.962  1.18032e-06
0.963  1.20226e-06
0.964  1.20226e-06
0.965  1.20226e-06
0.966  1.20226e-06
0.967  1.20226e-06
0.968  1.20226e-06
0.969  1.20226e-06
0.97  1.20226e-06
0.971  1.20226e-06
0.972  1.20226e-06
0.973  1.20226e-06
0.974  1.20226e-06
0.975  1.18032e-06
0.976  1.18032e-06
0.977  1.18032e-06
0.978  1.18032e-06
0.979  1.18032e-06
0.98  1.18032e-06
0.981  1.18032e-06
0.982  1.20226e-06
0.983  1.22462e-06
0.984  1.22462e-06
0.985  1.22462e-06
0.986  1.22462e-06
0.987  1.20226e-06
0.988  1.20226e-06
0.989  1.20226e-06
0.99  1.20226e-06
0.991  1.20226e-06
0.992  1.18032e-06
0.993  1.18032e-06
0.994  1.18032e-06
0.995  1.18032e-06
0.996  1.15878e-06
0.997  1.15878e-06
0.998  1.13763e-06
0.999  1.13763e-06
1  1.11686e-06
1.001  1.13763e-06
1.002  1.13763e-06
1.003  1.13763e-06
1.004  1.11686e-06
1.005  1.09648e-06
1.006  1.07647e-06
1.007  1.07647e-06
1.008  9.81748e-07
1.009  9.28966e-07
1.01  8.95365e-07
1.011  7.31139e-07
1.03  6.79204e-07
1.031  7.31139e-07
1.032  7.87046e-07
1.033  8.47227e-07
1.034  8.95365e-07
1.035  9.12011e-07
1.036  9.28966e-07
1.037  9.63829e-07
1.038  9.81748e-07
1.039  1e-06
1.04  1.01859e-06
1.041  1.03753e-06
1.042  1.03753e-06
1.043  1.03753e-06
1.044  1.05682e-06
1.045  1.05682e-06
1.046  1.07647e-06
1.047  1.07647e-06
1.048  1.09648e-06
1.049  1.09648e-06
1.05  1.09648e-06
1.051  1.11686e-06
1.052  1.11686e-06
1.053  1.11686e-06
1.054  1.11686e-06
1.055  1.11686e-06
1.056  1.11686e-06
1.057  1.11686e-06
1.058  1.11686e-06
1.059  1.13763e-06
1.06  1.13763e-06
1.061  1.13763e-06
1.062  1.13763e-06
1.063  1.13763e-06
1.064  1.13763e-06
1.065  1.13763e-06
1.066  1.13763e-06
1.067  1.13763e-06
1.068  1.13763e-06
1.069  1.13763e-06
1.07  1.13763e-06
1.071  1.11686e-06
1.072  1.11686e-06
1.073  1.11686e-06
1.074  1.11686e-06
1.075  1.11686e-06
1.076  1.11686e-06
1.077  1.11686e-06
1.078  1.11686e-06
1.079  1.13763e-06
1.08  1.13763e-06
1.081  1.13763e-06
1.082  1.13763e-06
1.083  1.13763e-06
1.084  1.15878e-06
1.085  1.15878e-06
1.086  1.15878e-06
1.087  1.15878e-06
1.088  1.15878e-06
1.089  1.15878e-06
1.09  1.15878e-06
1.091  1.15878e-06
1.092  1.15878e-06
1.093  1.15878e-06
1.094  1.15878e-06
1.095  1.15878e-06
1.096  1.15878e-06
1.097  1.15878e-06
1.098  1.13763e-06
1.099  1.15878e-06
1.1  1.15878e-06
1.101  1.15878e-06
1.102  1.15878e-06
1.103  1.15878e-06
1.104  1.15878e-06
1.105  1.15878e-06
1.106  1.15878e-06
1.107  1.15878e-06
1.108  1.15878e-06
1.109  1.15878e-06
1.11  1.15878e-06
1.111  1.15878e-06
1.112  1.15878e-06
1.113  1.15878e-06
1.114  1.15878e-06
1.115  1.15878e-06
1.116  1.15878e-06
1.117  1.15878e-06
1.118  1.15878e-06
1.119  1.15878e-06
1.12  1.15878e-06
1.121  1.15878e-06
1.122  1.15878e-06
1.123  1.15878e-06
1.124  1.15878e-06
1.125  1.15878e-06
1.126  1.15878e-06
1.127  1.15878e-06
1.128  1.15878e-06
1.129  1.15878e-06
1.13  1.13763e-06
1.131  1.13763e-06
1.132  1.13763e-06
1.133  1.13763e-06
1.134  1.13763e-06
1.135  1.13763e-06
1.136  1.15878e-06
1.137  1.15878e-06
1.138  1.13763e-06
1.139  1.13763e-06
1.14  1.13763e-06
1.141  1.13763e-06
1.142  1.13763e-06
1.143  1.13763e-06
1.144  1.13763e-06
1.145  1.13763e-06
1.146  1.13763e-06
1.147  1.13763e-06
1.148  1.13763e-06
1.149  1.13763e-06
1.15  1.13763e-06
1.151  1.13763e-06
1.152  1.13763e-06
1.153  1.13763e-06
1.154  1.13763e-06
1.155  1.13763e-06
1.156  1.13763e-06
1.157  1.13763e-06
1.158  1.13763e-06
1.159  1.13763e-06
1.16  1.13763e-06
1.161  1.13763e-06
1.162  1.13763e-06
1.163  1.13763e-06
1.164  1.13763e-06
1.165  1.13763e-06
1.166  1.13763e-06
1.167  1.13763e-06
1.168  1.13763e-06
1.169  1.13763e-06
1.17  1.11686e-06
1.171  1.11686e-06
1.172  1.11686e-06
1.173  1.11686e-06
1.174  1.11686e-06
1.175  1.11686e-06
1.176  1.11686e-06
1.177  1.11686e-06
1.178  1.11686e-06
1.179  1.11686e-06
1.18  1.11686e-06
1.181  1.11686e-06
1.182  1.11686e-06
1.183  1.11686e-06
1.184  1.11686e-06
1.185  1.11686e-06
1.186  1.11686e-06
1.187  1.11686e-06
1.188  1.11686e-06
1.189  1.13763e-06
1.19  1.13763e-06
1.191  1.13763e-06
1.192  1.11686e-06
1.193  1.11686e-06
1.194  1.11686e-06
1.195  1.11686e-06
1.196  1.11686e-06
1.197  1.11686e-06
1.198  1.11686e-06
1.199  1.11686e-06
1.2  1.11686e-06
1.201  1.11686e-06
1.202  1.11686e-06
1.203  1.11686e-06
1.204  1.11686e-06
1.205  1.11686e-06
1.206  1.09648e-06
1.207  1.09648e-06
1.208  1.09648e-06
1.209  1.09648e-06
1.21  1.09648e-06
1.211  1.09648e-06
1.212  1.09648e-06
1.213  1.11686e-06
1.214  1.11686e-06
1.215  1.11686e-06
1.216  1.11686e-06
1.217  1.11686e-06
1.218  1.11686e-06
1.219  1.09648e-06
1.22  1.09648e-06
1.221  1.09648e-06
1.222  1.09648e-06
1.223  1.09648e-06
1.224  1.09648e-06
1.225  1.09648e-06
1.226  1.09648e-06
1.227  1.09648e-06
1.228  1.09648e-06
1.229  1.09648e-06
1.23  1.07647e-06
1.231  1.09648e-06
1.232  1.09648e-06
1.233  1.07647e-06
1.234  1.07647e-06
1.235  1.07647e-06
1.236  1.07647e-06
1.237  1.07647e-06
1.238  1.07647e-06
1.239  1.07647e-06
1.24  1.07647e-06
1.241  1.07647e-06
1.242  1.07647e-06
1.243  1.07647e-06
1.244  1.07647e-06
1.245  1.07647e-06
1.246  1.07647e-06
1.247  1.07647e-06
1.248  1.07647e-06
1.249  1.07647e-06
1.25  1.07647e-06
1.251  1.07647e-06
1.252  1.07647e-06
1.253  1.07647e-06
1.254  1.07647e-06
1.255  1.07647e-06
1.256  1.07647e-06
1.257  1.07647e-06
1.258  1.07647e-06
1.259  1.07647e-06
1.26  1.07647e-06
1.261  1.07647e-06
1.262  1.07647e-06
1.263  1.05682e-06
1.264  1.07647e-06
1.265  1.07647e-06
1.266  1.07647e-06
1.267  1.05682e-06
1.268  1.05682e-06
1.269  1.05682e-06
1.27  1.05682e-06
1.271  1.05682e-06
1.272  1.05682e-06
1.273  1.05682e-06
1.274  1.05682e-06
1.275  1.05682e-06
1.276  1.05682e-06
1.277  1.05682e-06
1.278  1.05682e-06
1.279  1.05682e-06
1.28  1.03753e-06
1.281  1.03753e-06
1.282  1.05682e-06
1.283  1.05682e-06
1.284  1.05682e-06
1.285  1.05682e-06
1.286  1.05682e-06
1.287  1.05682e-06
1.288  1.05682e-06
1.289  1.03753e-06
1.29  1.03753e-06
1.291  1.05682e-06
1.292  1.05682e-06
1.293  1.05682e-06
1.294  1.05682e-06
1.295  1.03753e-06
1.296  1.03753e-06
1.297  1.03753e-06
1.298  1.03753e-06
1.299  1.01859e-06
1.3  1.01859e-06
1.301  1.01859e-06
1.302  1.01859e-06
1.303  1.01859e-06
1.304  1.01859e-06
1.305  1.01859e-06
1.306  1.01859e-06
1.307  1.01859e-06
1.308  1.01859e-06
1.309  1.01859e-06
1.31  1.01859e-06
1.311  1.01859e-06
1.312  1.01859e-06
1.313  1.01859e-06
1.314  1.01859e-06
1.315  1.01859e-06
1.316  1.01859e-06
1.317  1.01859e-06
1.318  1.01859e-06
1.319  1.01859e-06
1.32  1.01859e-06
1.321  1.01859e-06
1.322  1.01859e-06
1.323  1.01859e-06
1.324  1.01859e-06
1.325  1.01859e-06
1.326  1.01859e-06
1.327  1.01859e-06
1.328  1.01859e-06
1.329  1.01859e-06
1.33  1e-06
1.331  1e-06
1.332  1e-06
1.333  1e-06
1.334  1e-06
1.335  1e-06
1.336  1e-06
1.337  9.81748e-07
1.338  9.81748e-07
1.339  9.81748e-07
1.34  9.81748e-07
1.341  9.81748e-07
1.342  9.81748e-07
1.343  9.81748e-07
1.344  9.81748e-07
1.345  9.81748e-07
1.346  1e-06
1.347  9.81748e-07
1.348  9.81748e-07
1.349  9.63829e-07
1.35  9.63829e-07
1.351  9.46237e-07
1.352  9.46237e-07
1.353  9.46237e-07
1.354  9.46237e-07
1.355  9.46237e-07
1.356  9.46237e-07
1.357  9.46237e-07
1.358  9.46237e-07
1.359  9.46237e-07
1.36  9.63829e-07
1.361  9.63829e-07
1.362  9.63829e-07
1.363  9.63829e-07
1.364  9.63829e-07
1.365  9.63829e-07
1.366  9.63829e-07
1.367  9.63829e-07
1.368  9.46237e-07
1.369  9.46237e-07
1.37  9.46237e-07
1.371  9.46237e-07
1.372  9.46237e-07
1.373  9.46237e-07
1.374  9.63829e-07
1.375  9.46237e-07
1.376  9.46237e-07
1.377  9.46237e-07
1.378  9.46237e-07
1.379  9.46237e-07
1.38  9.28966e-07
1.381  9.28966e-07
1.382  9.28966e-07
1.383  9.28966e-07
1.384  9.28966e-07
1.385  9.28966e-07
1.386  9.28966e-07
1.387  9.28966e-07
1.388  9.28966e-07
1.389  9.28966e-07
1.39  9.28966e-07
1.391  9.28966e-07
1.392  9.28966e-07
1.393  9.28966e-07
1.394  9.12011e-07
1.395  9.12011e-07
1.396  9.12011e-07
1.397  9.12011e-07
1.398  9.12011e-07
1.399  8.95365e-07
1.4  8.95365e-07
1.401  9.12011e-07
1.402  9.12011e-07
1.403  9.12011e-07
1.404  9.12011e-07
1.405  9.12011e-07
1.406  9.12011e-07
1.407  9.12011e-07
1.408  9.28966e-07
1.409  9.28966e-07
1.41  9.28966e-07
1.411  9.28966e-07
1.412  9.28966e-07
1.413  9.28966e-07
1.414  9.28966e-07
1.415  9.28966e-07
1.416  9.28966e-07
1.417  9.28966e-07
1.418  9.28966e-07
1.419  9.28966e-07
1.42  9.12011e-07
1.421  9.28966e-07
1.422  9.28966e-07
1.423  9.28966e-07
1.424  9.28966e-07
1.425  9.28966e-07
1.426  9.28966e-07
1.427  9.28966e-07
1.428  9.28966e-07
1.429  9.28966e-07
1.43  9.28966e-07
1.431  9.28966e-07
1.432  9.28966e-07
1.433  9.28966e-07
1.434  9.28966e-07
1.435  9.28966e-07
1.436  9.46237e-07
1.437  9.46237e-07
1.438  9.46237e-07
1.439  9.28966e-07
1.44  9.28966e-07
1.441  9.12011e-07
1.442  9.12011e-07
1.443  9.12011e-07
1.444  9.12011e-07
1.445  9.12011e-07
1.446  9.12011e-07
1.447  9.12011e-07
1.448  9.12011e-07
1.449  9.12011e-07
1.45  9.12011e-07
1.451  8.95365e-07
1.452  8.95365e-07
1.453  8.95365e-07
1.454  8.95365e-07
1.455  8.95365e-07
1.456  8.95365e-07
1.457  8.79023e-07
1.458  8.79023e-07
1.459  8.79023e-07
1.46  8.79023e-07
1.461  8.79023e-07
1.462  8.62979e-07
1.463  8.62979e-07
1.464  8.62979e-07
1.465  8.62979e-07
1.466  8.62979e-07
1.467  8.47227e-07
1.468  8.47227e-07
1.469  8.47227e-07
1.47  8.47227e-07
1.471  8.47227e-07
1.472  8.31764e-07
1.473  8.31764e-07
1.474  8.31764e-07
1.475  8.31764e-07
1.476  8.16582e-07
1.477  8.16582e-07
1.478  8.16582e-07
1.479  8.16582e-07
1.48  8.16582e-07
1.481  8.16582e-07
1.482  8.01678e-07
1.483  8.01678e-07
1.484  8.01678e-07
1.485  8.01678e-07
1.486  8.01678e-07
1.487  8.01678e-07
1.488  8.01678e-07
1.489  7.87046e-07
1.49  7.87046e-07
1.491  7.87046e-07
1.492  7.87046e-07
1.493  7.87046e-07
1.494  7.87046e-07
1.495  7.87046e-07
1.496  7.72681e-07
1.497  7.72681e-07
1.498  7.72681e-07
1.499  7.72681e-07
1.5  7.72681e-07
1.501  7.72681e-07
1.502  7.72681e-07
1.503  7.72681e-07
1.504  7.72681e-07
1.505  7.72681e-07
1.506  7.72681e-07
1.507  7.72681e-07
1.508  7.72681e-07
1.509  7.72681e-07
1.51  7.72681e-07
1.511  7.72681e-07
1.512  7.87046e-07
1.513  7.72681e-07
1.514  7.72681e-07
1.515  7.72681e-07
1.516  7.72681e-07
1.517  7.72681e-07
1.518  7.72681e-07
1.519  7.72681e-07
1.52  7.72681e-07
1.521  7.72681e-07
1.522  7.72681e-07
1.523  7.72681e-07
1.524  7.72681e-07
1.525  7.72681e-07
1.526  7.72681e-07
1.527  7.72681e-07
1.528  7.72681e-07
1.529  7.72681e-07
1.53  7.72681e-07
1.531  7.72681e-07
1.532  7.72681e-07
1.533  7.72681e-07
1.534  7.72681e-07
1.535  7.72681e-07
1.536  7.72681e-07
1.537  7.72681e-07
1.538  7.58578e-07
1.539  7.58578e-07
1.54  7.58578e-07
1.541  7.58578e-07
1.542  7.58578e-07
1.543  7.58578e-07
1.544  7.58578e-07
1.545  7.58578e-07
1.546  7.58578e-07
1.547  7.58578e-07
1.548  7.58578e-07
1.549  7.58578e-07
1.55  7.58578e-07
1.551  7.44732e-07
1.552  7.44732e-07
1.553  7.44732e-07
1.554  7.44732e-07
1.555  7.44732e-07
1.556  7.44732e-07
1.557  7.44732e-07
1.558  7.44732e-07
1.559  7.44732e-07
1.56  7.44732e-07
1.561  7.44732e-07
1.562  7.58578e-07
1.563  7.58578e-07
1.564  7.58578e-07
1.565  7.58578e-07
1.566  7.58578e-07
1.567  7.58578e-07
1.568  7.44732e-07
1.569  7.44732e-07
1.57  7.44732e-07
1.571  7.44732e-07
1.572  7.44732e-07
1.573  7.44732e-07
1.574  7.44732e-07
1.575  7.44732e-07
1.576  7.44732e-07
1.577  7.44732e-07
1.578  7.44732e-07
1.579  7.44732e-07
1.58  7.44732e-07
1.581  7.44732e-07
1.582  7.44732e-07
1.583  7.31139e-07
1.584  7.31139e-07
1.585  7.31139e-07
1.586  7.31139e-07
1.587  7.31139e-07
1.588  7.31139e-07
1.589  7.31139e-07
1.59  7.31139e-07
1.591  7.31139e-07
1.592  7.17794e-07
1.593  7.17794e-07
1.594  7.17794e-07
1.595  7.17794e-07
1.596  7.17794e-07
1.597  7.17794e-07
1.598  7.17794e-07
1.599  7.17794e-07
1.6  7.17794e-07
1.601  7.17794e-07
1.602  7.17794e-07
1.603  7.17794e-07
1.604  7.17794e-07
1.605  7.17794e-07
1.606  7.17794e-07
1.607  7.17794e-07
1.608  7.17794e-07
1.609  7.17794e-07
1.61  7.17794e-07
1.611  7.17794e-07
1.612  7.17794e-07
1.613  7.17794e-07
1.614  7.17794e-07
1.615  7.17794e-07
1.616  7.17794e-07
1.617  7.17794e-07
1.618  7.17794e-07
1.619  7.17794e-07
1.62  7.17794e-07
1.621  7.17794e-07
1.622  7.17794e-07
1.623  7.17794e-07
1.624  7.17794e-07
1.625  7.17794e-07
1.626  7.17794e-07
1.627  7.17794e-07
1.628  7.17794e-07
1.629  7.04693e-07
1.63  7.04693e-07
1.631  7.04693e-07
1.632  7.04693e-07
1.633  7.04693e-07
1.634  6.91831e-07
1.635  6.91831e-07
1.636  6.91831e-07
1.637  6.91831e-07
1.638  6.79204e-07
1.639  6.66807e-07
1.64  6.54636e-07
1.641  6.54636e-07
1.642  6.54636e-07
1.643  6.42688e-07
1.644  6.42688e-07
1.645  6.42688e-07
1.646  6.42688e-07
1.647  6.30957e-07
1.648  6.30957e-07
1.649  6.30957e-07
1.65  6.19441e-07
1.651  6.30957e-07
1.652  6.30957e-07
1.653  6.30957e-07
1.654  6.42688e-07
1.655  6.42688e-07
1.656  6.42688e-07
1.657  6.42688e-07
1.658  6.42688e-07
1.659  6.54636e-07
1.66  6.54636e-07
1.661  6.66807e-07
1.662  6.79204e-07
1.663  6.79204e-07
1.664  6.79204e-07
1.665  6.79204e-07
1.666  6.79204e-07
1.667  6.79204e-07
1.668  6.79204e-07
1.669  6.79204e-07
1.67  6.79204e-07
1.671  6.66807e-07
1.672  6.66807e-07
1.673  6.66807e-07
1.674  6.66807e-07
1.675  6.66807e-07
1.676  6.66807e-07
1.677  6.66807e-07
1.678  6.66807e-07
1.679  6.66807e-07
1.68  6.66807e-07
1.681  6.66807e-07
1.682  6.66807e-07
1.683  6.66807e-07
1.684  6.79204e-07
1.685  6.79204e-07
1.686  6.79204e-07
1.687  6.79204e-07
1.688  6.79204e-07
1.689  6.79204e-07
1.69  6.79204e-07
1.691  6.79204e-07
1.692  6.79204e-07
1.693  6.79204e-07
1.694  6.66807e-07
1.695  6.66807e-07
1.696  6.66807e-07
1.697  6.66807e-07
1.698  6.66807e-07
1.699  6.66807e-07
1.7  6.66807e-07
1.701  6.66807e-07
1.702  6.66807e-07
1.703  6.66807e-07
1.704  6.66807e-07
1.705  6.66807e-07
1.706  6.66807e-07
1.707  6.66807e-07
1.708  6.66807e-07
1.709  6.66807e-07
1.71  6.66807e-07
1.711  6.79204e-07
1.712  6.79204e-07
1.713  6.79204e-07
1.714  6.79204e-07
1.715  6.79204e-07
1.716  6.66807e-07
1.717  6.66807e-07
1.718  6.66807e-07
1.719  6.66807e-07
1.72  6.66807e-07
1.721  6.66807e-07
1.722  6.66807e-07
1.723  6.79204e-07
1.724  6.79204e-07
1.725  6.79204e-07
1.726  6.79204e-07
1.727  6.79204e-07
1.728  6.79204e-07
1.729  6.79204e-07
1.73  6.79204e-07
1.731  6.79204e-07
1.732  6.79204e-07
1.733  6.79204e-07
1.734  6.79204e-07
1.735  6.79204e-07
1.736  6.79204e-07
1.737  6.79204e-07
1.738  6.79204e-07
1.739  6.79204e-07
1.74  6.66807e-07
1.741  6.66807e-07
1.742  6.66807e-07
1.743  6.66807e-07
1.744  6.66807e-07
1.745  6.66807e-07
1.746  6.66807e-07
1.747  6.66807e-07
1.748  6.66807e-07
1.749  6.66807e-07
1.75  6.66807e-07
1.751  6.54636e-07
1.752  6.54636e-07
1.753  6.42688e-07
1.754  6.42688e-07
1.755  6.30957e-07
1.756  6.19441e-07
1.757  6.30957e-07
1.758  6.30957e-07
1.759  6.30957e-07
1.76  6.30957e-07
1.761  6.42688e-07
1.762  6.54636e-07
1.763  6.66807e-07
1.764  6.79204e-07
1.765  6.79204e-07
1.766  6.91831e-07
1.767  6.91831e-07
1.768  7.04693e-07
1.769  7.17794e-07
1.77  7.04693e-07
1.771  6.91831e-07
1.772  6.79204e-07
1.773  6.66807e-07
1.774  6.54636e-07
1.775  6.42688e-07
1.776  6.42688e-07
1.777  6.42688e-07
1.778  6.42688e-07
1.779  6.42688e-07
1.78  6.42688e-07
1.781  6.54636e-07
1.782  6.54636e-07
1.783  6.54636e-07
1.784  6.66807e-07
1.785  6.66807e-07
1.786  6.66807e-07
1.787  6.79204e-07
1.788  6.79204e-07
1.789  6.79204e-07
1.79  6.79204e-07
1.791  6.79204e-07
1.792  6.79204e-07
1.793  6.79204e-07
1.794  6.79204e-07
1.795  6.79204e-07
1.796  6.79204e-07
1.797  6.79204e-07
1.798  6.79204e-07
1.799  6.66807e-07
1.8  6.66807e-07
1.801  6.79204e-07
1.802  6.79204e-07
1.803  6.79204e-07
1.804  6.79204e-07
1.805  6.91831e-07
1.806  6.91831e-07
1.807  6.91831e-07
1.808  7.04693e-07
1.809  7.04693e-07
1.81  7.04693e-07
1.811  7.04693e-07
1.812  7.04693e-07
1.813  7.04693e-07
1.814  7.04693e-07
1.815  7.04693e-07
1.816  6.91831e-07
1.817  6.91831e-07
1.818  6.91831e-07
1.819  6.91831e-07
1.82  6.79204e-07
1.821  6.91831e-07
1.822  6.91831e-07
1.823  6.91831e-07
1.824  6.91831e-07
1.825  6.91831e-07
1.826  6.91831e-07
1.827  6.91831e-07
1.828  6.79204e-07
1.829  6.79204e-07
1.83  6.79204e-07
1.831  6.66807e-07
1.832  6.66807e-07
1.833  6.54636e-07
1.834  6.54636e-07
1.835  6.42688e-07
1.836  6.54636e-07
1.837  6.66807e-07
1.838  6.66807e-07
1.839  6.66807e-07
1.84  6.66807e-07
1.841  6.66807e-07
1.842  6.79204e-07
1.843  6.91831e-07
1.844  6.91831e-07
1.845  7.04693e-07
1.846  7.04693e-07
1.847  7.17794e-07
1.848  7.17794e-07
1.849  7.31139e-07
1.85  7.44732e-07
1.851  7.44732e-07
1.852  7.44732e-07
1.853  7.44732e-07
1.854  7.31139e-07
1.855  7.31139e-07
1.856  7.31139e-07
1.857  7.31139e-07
1.858  7.31139e-07
1.859  7.31139e-07
1.86  7.31139e-07
1.861  7.44732e-07
1.862  7.44732e-07
1.863  7.58578e-07
1.864  7.44732e-07
1.865  7.44732e-07
1.866  7.44732e-07
1.867  7.44732e-07
1.868  7.44732e-07
1.869  7.44732e-07
1.87  7.44732e-07
1.871  7.44732e-07
1.872  7.44732e-07
1.873  7.31139e-07
1.874  7.31139e-07
1.875  7.31139e-07
1.876  7.31139e-07
1.877  7.31139e-07
1.878  7.31139e-07
1.879  7.31139e-07
1.88  7.31139e-07
1.881  7.31139e-07
1.882  7.31139e-07
1.883  7.31139e-07
1.884  7.44732e-07
1.885  7.44732e-07
1.886  7.44732e-07
1.887  7.44732e-07
1.888  7.44732e-07
1.889  7.44732e-07
1.89  7.44732e-07
1.891  7.44732e-07
1.892  7.31139e-07
1.893  7.31139e-07
1.894  7.31139e-07
1.895  7.31139e-07
1.896  7.31139e-07
1.897  7.31139e-07
1.898  7.31139e-07
1.899  7.17794e-07
1.9  7.17794e-07
1.901  7.17794e-07
1.902  7.17794e-07
1.903  7.31139e-07
1.904  7.31139e-07
1.905  7.31139e-07
1.906  7.31139e-07
1.907  7.31139e-07
1.908  7.31139e-07
1.909  7.31139e-07
1.91  7.31139e-07
1.911  7.31139e-07
1.912  7.31139e-07
1.913  7.31139e-07
1.914  7.31139e-07
1.915  7.31139e-07
1.916  7.31139e-07
1.917  7.17794e-07
1.918  7.17794e-07
1.919  7.17794e-07
1.92  7.17794e-07
1.921  7.17794e-07
1.922  7.17794e-07
1.923  7.17794e-07
1.924  7.04693e-07
1.925  7.04693e-07
1.926  7.17794e-07
1.927  7.17794e-07
1.928  7.17794e-07
1.929  7.17794e-07
1.93  7.17794e-07
1.931  7.17794e-07
1.932  7.31139e-07
1.933  7.31139e-07
1.934  7.31139e-07
1.935  7.31139e-07
1.936  7.31139e-07
1.937  7.31139e-07
1.938  7.31139e-07
1.939  7.17794e-07
1.94  7.04693e-07
1.941  7.04693e-07
1.942  7.04693e-07
1.943  7.17794e-07
1.944  7.17794e-07
1.945  7.17794e-07
1.946  7.17794e-07
1.947  7.04693e-07
1.948  7.04693e-07
1.949  6.91831e-07
1.95  6.79204e-07
1.951  6.91831e-07
1.952  7.04693e-07
1.953  7.17794e-07
1.954  7.31139e-07
1.955  7.44732e-07
1.956  7.31139e-07
1.957  7.04693e-07
1.958  6.91831e-07
1.959  6.79204e-07
1.96  6.54636e-07
1.961  6.66807e-07
1.962  6.91831e-07
1.963  6.91831e-07
1.964  6.91831e-07
1.965  6.91831e-07
1.966  6.79204e-07
1.967  6.79204e-07
1.968  6.79204e-07
1.969  6.79204e-07
1.97  6.79204e-07
1.971  6.66807e-07
1.972  6.66807e-07
1.973  6.66807e-07
1.974  6.66807e-07
1.975  6.54636e-07
1.976  6.54636e-07
1.977  6.54636e-07
1.978  6.54636e-07
1.979  6.42688e-07
1.98  6.42688e-07
1.981  6.42688e-07
1.982  6.54636e-07
1.983  6.54636e-07
1.984  6.54636e-07
1.985  6.66807e-07
1.986  6.66807e-07
1.987  6.66807e-07
1.988  6.66807e-07
1.989  6.66807e-07
1.99  6.66807e-07
1.991  6.66807e-07
1.992  6.66807e-07
1.993  6.66807e-07
1.994  6.66807e-07
1.995  6.66807e-07
1.996  6.66807e-07
1.997  6.66807e-07
1.998  6.66807e-07
1.999  6.79204e-07
2  6.79204e-07
2  3.37287e-07
1.999  3.37287e-07
1.998  3.37287e-07
1.997  3.37287e-07
1.996  3.37287e-07
1.995  3.37287e-07
1.994  3.37287e-07
1.993  3.37287e-07
1.992  3.37287e-07
1.991  3.37287e-07
1.99  3.37287e-07
1.989  3.37287e-07
1.988  3.37287e-07
1.987  3.37287e-07
1.986  3.37287e-07
1.985  3.37287e-07
1.984  3.37287e-07
1.983  3.37287e-07
1.982  3.37287e-07
1.981  3.37287e-07
1.98  3.37287e-07
1.979  3.37287e-07
1.978  3.37287e-07
1.977  3.37287e-07
1.976  3.37287e-07
1.975  3.37287e-07
1.974  3.37287e-07
1.973  3.37287e-07
1.972  3.37287e-07
1.971  3.37287e-07
1.97  3.37287e-07
1.969  3.37287e-07
1.968  3.37287e-07
1.967  3.37287e-07
1.966  3.37287e-07
1.965  3.37287e-07
1.964  3.43558e-07
1.963  3.43558e-07
1.962  3.37287e-07
1.961  3.37287e-07
1.96  3.43558e-07
1.959  3.37287e-07
1.958  3.43558e-07
1.957  3.43558e-07
1.956  3.43558e-07
1.955  3.43558e-07
1.954  3.43558e-07
1.953  3.43558e-07
1.952  3.43558e-07
1.951  3.43558e-07
1.95  3.43558e-07
1.949  3.43558e-07
1.948  3.43558e-07
1.947  3.43558e-07
1.946  3.43558e-07
1.945  3.43558e-07
1.944  3.43558e-07
1.943  3.43558e-07
1.942  3.43558e-07
1.941  3.43558e-07
1.94  3.43558e-07
1.939  3.43558e-07
1.938  3.43558e-07
1.937  3.43558e-07
1.936  3.43558e-07
1.935  3.43558e-07
1.934  3.43558e-07
1.933  3.43558e-07
1.932  3.43558e-07
1.931  3.43558e-07
1.93  3.43558e-07
1.929  3.43558e-07
1.928  3.43558e-07
1.927  3.43558e-07
1.926  3.43558e-07
1.925  3.43558e-07
1.924  3.43558e-07
1.923  3.43558e-07
1.922  3.43558e-07
1.921  3.43558e-07
1.92  3.43558e-07
1.919  3.43558e-07
1.918  3.43558e-07
1.917  3.49945e-07
1.916  3.49945e-07
1.915  3.49945e-07
1.914  3.49945e-07
1.913  3.49945e-07
1.912  3.49945e-07
1.911  3.49945e-07
1.91  3.49945e-07
1.909  3.49945e-07
1.908  3.49945e-07
1.907  3.49945e-07
1.906  3.49945e-07
1.905  3.49945e-07
1.904  3.49945e-07
1.903  3.49945e-07
1.902  3.49945e-07
1.901  3.49945e-07
1.9  3.49945e-07
1.899  3.49945e-07
1.898  3.49945e-07
1.897  3.49945e-07
1.896  3.49945e-07
1.895  3.49945e-07
1.894  3.49945e-07
1.893  3.49945e-07
1.892  3.49945e-07
1.891  3.49945e-07
1.89  3.49945e-07
1.889  3.49945e-07
1.888  3.49945e-07
1.887  3.49945e-07
1.886  3.49945e-07
1.885  3.49945e-07
1.884  3.49945e-07
1.883  3.49945e-07
1.882  3.49945e-07
1.881  3.49945e-07
1.88  3.49945e-07
1.879  3.49945e-07
1.878  3.49945e-07
1.877  3.49945e-07
1.876  3.49945e-07
1.875  3.49945e-07
1.874  3.49945e-07
1.873  3.49945e-07
1.872  3.49945e-07
1.871  3.49945e-07
1.87  3.49945e-07
1.869  3.49945e-07
1.868  3.49945e-07
1.867  3.49945e-07
1.866  3.49945e-07
1.865  3.56451e-07
1.864  3.56451e-07
1.863  3.56451e-07
1.862  3.56451e-07
1.861  3.49945e-07
1.86  3.49945e-07
1.859  3.49945e-07
1.858  3.49945e-07
1.857  3.49945e-07
1.856  3.49945e-07
1.855  3.49945e-07
1.854  3.49945e-07
1.853  3.49945e-07
1.852  3.49945e-07
1.851  3.56451e-07
1.85  3.56451e-07
1.849  3.49945e-07
1.848  3.49945e-07
1.847  3.49945e-07
1.846  3.49945e-07
1.845  3.49945e-07
1.844  3.49945e-07
1.843  3.49945e-07
1.842  3.49945e-07
1.841  3.49945e-07
1.84  3.49945e-07
1.839  3.49945e-07
1.838  3.49945e-07
1.837  3.49945e-07
1.836  3.56451e-07
1.835  3.56451e-07
1.834  3.56451e-07
1.833  3.56451e-07
1.832  3.56451e-07
1.831  3.56451e-07
1.83  3.49945e-07
1.829  3.49945e-07
1.828  3.49945e-07
1.827  3.49945e-07
1.826  3.49945e-07
1.825  3.49945e-07
1.824  3.49945e-07
1.823  3.49945e-07
1.822  3.49945e-07
1.821  3.56451e-07
1.82  3.56451e-07
1.819  3.56451e-07
1.818  3.56451e-07
1.817  3.56451e-07
1.816  3.56451e-07
1.815  3.56451e-07
1.814  3.56451e-07
1.813  3.56451e-07
1.812  3.56451e-07
1.811  3.56451e-07
1.81  3.56451e-07
1.809  3.56451e-07
1.808  3.56451e-07
1.807  3.56451e-07
1.806  3.56451e-07
1.805  3.56451e-07
1.804  3.56451e-07
1.803  3.56451e-07
1.802  3.56451e-07
1.801  3.56451e-07
1.8  3.56451e-07
1.799  3.56451e-07
1.798  3.56451e-07
1.797  3.56451e-07
1.796  3.56451e-07
1.795  3.56451e-07
1.794  3.56451e-07
1.793  3.56451e-07
1.792  3.56451e-07
1.791  3.56451e-07
1.79  3.56451e-07
1.789  3.56451e-07
1.788  3.56451e-07
1.787  3.56451e-07
1.786  3.56451e-07
1.785  3.56451e-07
1.784  3.56451e-07
1.783  3.56451e-07
1.782  3.56451e-07
1.781  3.63078e-07
1.78  3.63078e-07
1.779  3.63078e-07
1.778  3.63078e-07
1.777  3.63078e-07
1.776  3.63078e-07
1.775  3.63078e-07
1.774  3.63078e-07
1.773  3.63078e-07
1.772  3.56451e-07
1.771  3.56451e-07
1.77  3.56451e-07
1.769  3.56451e-07
1.768  3.56451e-07
1.767  3.56451e-07
1.766  3.56451e-07
1.765  3.63078e-07
1.764  3.63078e-07
1.763  3.63078e-07
1.762  3.63078e-07
1.761  3.63078e-07
1.76  3.63078e-07
1.759  3.63078e-07
1.758  3.63078e-07
1.757  3.63078e-07
1.756  3.63078e-07
1.755  3.63078e-07
1.754  3.63078e-07
1.753  3.63078e-07
1.752  3.63078e-07
1.751  3.63078e-07
1.75  3.63078e-07
1.749  3.63078e-07
1.748  3.63078e-07
1.747  3.63078e-07
1.746  3.63078e-07
1.745  3.63078e-07
1.744  3.63078e-07
1.743  3.63078e-07
1.742  3.63078e-07
1.741  3.63078e-07
1.74  3.63078e-07
1.739  3.63078e-07
1.738  3.63078e-07
1.737  3.63078e-07
1.736  3.63078e-07
1.735  3.63078e-07
1.734  3.63078e-07
1.733  3.63078e-07
1.732  3.63078e-07
1.731  3.63078e-07
1.73  3.63078e-07
1.729  3.63078e-07
1.728  3.63078e-07
1.727  3.63078e-07
1.726  3.63078e-07
1.725  3.63078e-07
1.724  3.63078e-07
1.723  3.63078e-07
1.722  3.63078e-07
1.721  3.63078e-07
1.72  3.63078e-07
1.719  3.63078e-07
1.718  3.63078e-07
1.717  3.63078e-07
1.716  3.63078e-07
1.715  3.63078e-07
1.714  3.63078e-07
1.713  3.63078e-07
1.712  3.63078e-07
1.711  3.69828e-07
1.71  3.69828e-07
1.709  3.69828e-07
1.708  3.69828e-07
1.707  3.69828e-07
1.706  3.69828e-07
1.705  3.69828e-07
1.704  3.69828e-07
1.703  3.69828e-07
1.702  3.69828e-07
1.701  3.69828e-07
1.7  3.69828e-07
1.699  3.69828e-07
1.698  3.69828e-07
1.697  3.69828e-07
1.696  3.69828e-07
1.695  3.69828e-07
1.694  3.69828e-07
1.693  3.69828e-07
1.692  3.69828e-07
1.691  3.69828e-07
1.69  3.69828e-07
1.689  3.69828e-07
1.688  3.69828e-07
1.687  3.69828e-07
1.686  3.69828e-07
1.685  3.69828e-07
1.684  3.69828e-07
1.683  3.69828e-07
1.682  3.69828e-07
1.681  3.69828e-07
1.68  3.69828e-07
1.679  3.69828e-07
1.678  3.69828e-07
1.677  3.69828e-07
1.676  3.69828e-07
1.675  3.69828e-07
1.674  3.69828e-07
1.673  3.69828e-07
1.672  3.69828e-07
1.671  3.69828e-07
1.67  3.69828e-07
1.669  3.69828e-07
1.668  3.69828e-07
1.667  3.69828e-07
1.666  3.69828e-07
1.665  3.69828e-07
1.664  3.69828e-07
1.663  3.69828e-07
1.662  3.69828e-07
1.661  3.76704e-07
1.66  3.76704e-07
1.659  3.76704e-07
1.658  3.76704e-07
1.657  3.76704e-07
1.656  3.76704e-07
1.655  3.76704e-07
1.654  3.76704e-07
1.653  3.76704e-07
1.652  3.76704e-07
1.651  3.76704e-07
1.65  3.76704e-07
1.649  3.76704e-07
1.648  3.76704e-07
1.647  3.76704e-07
1.646  3.76704e-07
1.645  3.76704e-07
1.644  3.76704e-07
1.643  3.76704e-07
1.642  3.76704e-07
1.641  3.76704e-07
1.64  3.76704e-07
1.639  3.76704e-07
1.638  3.76704e-07
1.637  3.76704e-07
1.636  3.76704e-07
1.635  3.76704e-07
1.634  3.76704e-07
1.633  3.76704e-07
1.632  3.76704e-07
1.631  3.76704e-07
1.63  3.76704e-07
1.629  3.76704e-07
1.628  3.76704e-07
1.627  3.76704e-07
1.626  3.76704e-07
1.625  3.76704e-07
1.624  3.76704e-07
1.623  3.76704e-07
1.622  3.76704e-07
1.621  3.76704e-07
1.62  3.76704e-07
1.619  3.76704e-07
1.618  3.76704e-07
1.617  3.76704e-07
1.616  3.76704e-07
1.615  3.76704e-07
1.614  3.76704e-07
1.613  3.76704e-07
1.612  3.76704e-07
1.611  3.76704e-07
1.61  3.76704e-07
1.609  3.76704e-07
1.608  3.76704e-07
1.607  3.76704e-07
1.606  3.76704e-07
1.605  3.76704e-07
1.604  3.76704e-07
1.603  3.76704e-07
1.602  3.76704e-07
1.601  3.76704e-07
1.6  3.76704e-07
1.599  3.76704e-07
1.598  3.76704e-07
1.597  3.76704e-07
1.596  3.76704e-07
1.595  3.76704e-07
1.594  3.76704e-07
1.593  3.76704e-07
1.592  3.76704e-07
1.591  3.76704e-07
1.59  3.76704e-07
1.589  3.76704e-07
1.588  3.76704e-07
1.587  3.76704e-07
1.586  3.76704e-07
1.585  3.76704e-07
1.584  3.76704e-07
1.583  3.76704e-07
1.582  3.76704e-07
1.581  3.76704e-07
1.58  3.76704e-07
1.579  3.76704e-07
1.578  3.76704e-07
1.577  3.76704e-07
1.576  3.76704e-07
1.575  3.76704e-07
1.574  3.76704e-07
1.573  3.76704e-07
1.572  3.76704e-07
1.571  3.76704e-07
1.57  3.76704e-07
1.569  3.76704e-07
1.568  3.76704e-07
1.567  3.76704e-07
1.566  3.76704e-07
1.565  3.76704e-07
1.564  3.76704e-07
1.563  3.76704e-07
1.562  3.76704e-07
1.561  3.76704e-07
1.56  3.83707e-07
1.559  3.83707e-07
1.558  3.83707e-07
1.557  3.83707e-07
1.556  3.83707e-07
1.555  3.83707e-07
1.554  3.83707e-07
1.553  3.83707e-07
1.552  3.83707e-07
1.551  3.83707e-07
1.55  3.83707e-07
1.549  3.83707e-07
1.548  3.83707e-07
1.547  3.83707e-07
1.546  3.83707e-07
1.545  3.83707e-07
1.544  3.83707e-07
1.543  3.83707e-07
1.542  3.83707e-07
1.541  3.83707e-07
1.54  3.83707e-07
1.539  3.83707e-07
1.538  3.83707e-07
1.537  3.83707e-07
1.536  3.83707e-07
1.535  3.83707e-07
1.534  3.83707e-07
1.533  3.83707e-07
1.532  3.83707e-07
1.531  3.83707e-07
1.53  3.83707e-07
1.529  3.83707e-07
1.528  3.83707e-07
1.527  3.83707e-07
1.526  3.83707e-07
1.525  3.83707e-07
1.524  3.83707e-07
1.523  3.83707e-07
1.522  3.83707e-07
1.521  3.83707e-07
1.52  3.83707e-07
1.519  3.83707e-07
1.518  3.83707e-07
1.517  3.83707e-07
1.516  3.83707e-07
1.515  3.83707e-07
1.514  3.83707e-07
1.513  3.83707e-07
1.512  3.83707e-07
1.511  3.83707e-07
1.51  3.83707e-07
1.509  3.83707e-07
1.508  3.83707e-07
1.507  3.83707e-07
1.506  3.83707e-07
1.505  3.83707e-07
1.504  3.83707e-07
1.503  3.83707e-07
1.502  3.83707e-07
1.501  3.83707e-07
1.5  3.83707e-07
1.499  3.83707e-07
1.498  3.83707e-07
1.497  3.83707e-07
1.496  3.83707e-07
1.495  3.90841e-07
1.494  3.90841e-07
1.493  3.90841e-07
1.492  3.90841e-07
1.491  3.90841e-07
1.49  3.90841e-07
1.489  3.90841e-07
1.488  3.90841e-07
1.487  3.90841e-07
1.486  3.90841e-07
1.485  3.90841e-07
1.484  3.90841e-07
1.483  3.90841e-07
1.482  3.90841e-07
1.481  3.90841e-07
1.48  3.90841e-07
1.479  3.90841e-07
1.478  3.90841e-07
1.477  3.90841e-07
1.476  3.90841e-07
1.475  3.90841e-07
1.474  3.90841e-07
1.473  3.90841e-07
1.472  3.90841e-07
1.471  3.98107e-07
1.47  3.98107e-07
1.469  3.98107e-07
1.468  3.98107e-07
1.467  3.98107e-07
1.466  3.98107e-07
1.465  3.98107e-07
1.464  3.98107e-07
1.463  3.98107e-07
1.462  3.98107e-07
1.461  3.98107e-07
1.46  3.98107e-07
1.459  3.98107e-07
1.458  3.98107e-07
1.457  3.98107e-07
1.456  3.98107e-07
1.455  3.98107e-07
1.454  4.05509e-07
1.453  4.05509e-07
1.452  4.05509e-07
1.451  4.05509e-07
1.45  4.05509e-07
1.449  4.05509e-07
1.448  4.05509e-07
1.447  4.05509e-07
1.446  4.05509e-07
1.445  4.05509e-07
1.444  4.05509e-07
1.443  4.05509e-07
1.442  4.05509e-07
1.441  4.05509e-07
1.44  4.05509e-07
1.439  4.13048e-07
1.438  4.13048e-07
1.437  4.13048e-07
1.436  4.13048e-07
1.435  4.13048e-07
1.434  4.13048e-07
1.433  4.13048e-07
1.432  4.13048e-07
1.431  4.13048e-07
1.43  4.13048e-07
1.429  4.13048e-07
1.428  4.13048e-07
1.427  4.13048e-07
1.426  4.13048e-07
1.425  4.13048e-07
1.424  4.13048e-07
1.423  4.13048e-07
1.422  4.05509e-07
1.421  4.05509e-07
1.42  4.05509e-07
1.419  4.05509e-07
1.418  4.05509e-07
1.417  4.13048e-07
1.416  4.13048e-07
1.415  4.13048e-07
1.414  4.13048e-07
1.413  4.13048e-07
1.412  4.13048e-07
1.411  4.13048e-07
1.41  4.13048e-07
1.409  4.13048e-07
1.408  4.13048e-07
1.407  4.13048e-07
1.406  4.13048e-07
1.405  4.13048e-07
1.404  4.13048e-07
1.403  4.13048e-07
1.402  4.05509e-07
1.401  4.05509e-07
1.4  4.05509e-07
1.399  4.05509e-07
1.398  4.13048e-07
1.397  4.13048e-07
1.396  4.13048e-07
1.395  4.05509e-07
1.394  4.13048e-07
1.393  4.13048e-07
1.392  4.13048e-07
1.391  4.13048e-07
1.39  4.13048e-07
1.389  4.13048e-07
1.388  4.13048e-07
1.387  4.13048e-07
1.386  4.13048e-07
1.385  4.13048e-07
1.384  4.13048e-07
1.383  4.13048e-07
1.382  4.13048e-07
1.381  4.13048e-07
1.38  4.13048e-07
1.379  4.13048e-07
1.378  4.13048e-07
1.377  4.20727e-07
1.376  4.20727e-07
1.375  4.20727e-07
1.374  4.20727e-07
1.373  4.20727e-07
1.372  4.20727e-07
1.371  4.20727e-07
1.37  4.13048e-07
1.369  4.20727e-07
1.368  4.20727e-07
1.367  4.20727e-07
1.366  4.20727e-07
1.365  4.20727e-07
1.364  4.20727e-07
1.363  4.20727e-07
1.362  4.20727e-07
1.361  4.20727e-07
1.36  4.20727e-07
1.359  4.20727e-07
1.358  4.20727e-07
1.357  4.20727e-07
1.356  4.20727e-07
1.355  4.20727e-07
1.354  4.20727e-07
1.353  4.20727e-07
1.352  4.20727e-07
1.351  4.20727e-07
1.35  4.20727e-07
1.349  4.20727e-07
1.348  4.28549e-07
1.347  4.28549e-07
1.346  4.28549e-07
1.345  4.28549e-07
1.344  4.28549e-07
1.343  4.28549e-07
1.342  4.28549e-07
1.341  4.28549e-07
1.34  4.28549e-07
1.339  4.28549e-07
1.338  4.28549e-07
1.337  4.28549e-07
1.336  4.28549e-07
1.335  4.28549e-07
1.334  4.28549e-07
1.333  4.28549e-07
1.332  4.36516e-07
1.331  4.36516e-07
1.33  4.36516e-07
1.329  4.36516e-07
1.328  4.36516e-07
1.327  4.36516e-07
1.326  4.36516e-07
1.325  4.36516e-07
1.324  4.36516e-07
1.323  4.36516e-07
1.322  4.36516e-07
1.321  4.36516e-07
1.32  4.36516e-07
1.319  4.36516e-07
1.318  4.36516e-07
1.317  4.36516e-07
1.316  4.36516e-07
1.315  4.36516e-07
1.314  4.36516e-07
1.313  4.36516e-07
1.312  4.36516e-07
1.311  4.36516e-07
1.31  4.36516e-07
1.309  4.36516e-07
1.308  4.36516e-07
1.307  4.36516e-07
1.306  4.36516e-07
1.305  4.44631e-07
1.304  4.44631e-07
1.303  4.44631e-07
1.302  4.44631e-07
1.301  4.44631e-07
1.3  4.44631e-07
1.299  4.44631e-07
1.298  4.44631e-07
1.297  4.44631e-07
1.296  4.44631e-07
1.295  4.44631e-07
1.294  4.44631e-07
1.293  4.52898e-07
1.292  4.52898e-07
1.291  4.52898e-07
1.29  4.44631e-07
1.289  4.44631e-07
1.288  4.52898e-07
1.287  4.52898e-07
1.286  4.52898e-07
1.285  4.52898e-07
1.284  4.52898e-07
1.283  4.52898e-07
1.282  4.52898e-07
1.281  4.52898e-07
1.28  4.44631e-07
1.279  4.52898e-07
1.278  4.52898e-07
1.277  4.52898e-07
1.276  4.52898e-07
1.275  4.52898e-07
1.274  4.52898e-07
1.273  4.52898e-07
1.272  4.52898e-07
1.271  4.52898e-07
1.27  4.52898e-07
1.269  4.52898e-07
1.268  4.52898e-07
1.267  4.52898e-07
1.266  4.52898e-07
1.265  4.52898e-07
1.264  4.52898e-07
1.263  4.52898e-07
1.262  4.52898e-07
1.261  4.61318e-07
1.26  4.61318e-07
1.259  4.61318e-07
1.258  4.61318e-07
1.257  4.61318e-07
1.256  4.61318e-07
1.255  4.61318e-07
1.254  4.61318e-07
1.253  4.61318e-07
1.252  4.61318e-07
1.251  4.61318e-07
1.25  4.61318e-07
1.249  4.61318e-07
1.248  4.61318e-07
1.247  4.61318e-07
1.246  4.61318e-07
1.245  4.61318e-07
1.244  4.61318e-07
1.243  4.61318e-07
1.242  4.61318e-07
1.241  4.61318e-07
1.24  4.61318e-07
1.239  4.61318e-07
1.238  4.61318e-07
1.237  4.61318e-07
1.236  4.61318e-07
1.235  4.61318e-07
1.234  4.61318e-07
1.233  4.61318e-07
1.232  4.69894e-07
1.231  4.69894e-07
1.23  4.61318e-07
1.229  4.69894e-07
1.228  4.69894e-07
1.227  4.69894e-07
1.226  4.69894e-07
1.225  4.69894e-07
1.224  4.69894e-07
1.223  4.69894e-07
1.222  4.69894e-07
1.221  4.69894e-07
1.22  4.69894e-07
1.219  4.69894e-07
1.218  4.7863e-07
1.217  4.7863e-07
1.216  4.7863e-07
1.215  4.7863e-07
1.214  4.7863e-07
1.213  4.7863e-07
1.212  4.7863e-07
1.211  4.69894e-07
1.21  4.69894e-07
1.209  4.69894e-07
1.208  4.69894e-07
1.207  4.69894e-07
1.206  4.7863e-07
1.205  4.7863e-07
1.204  4.7863e-07
1.203  4.7863e-07
1.202  4.7863e-07
1.201  4.7863e-07
1.2  4.7863e-07
1.199  4.7863e-07
1.198  4.7863e-07
1.197  4.7863e-07
1.196  4.7863e-07
1.195  4.7863e-07
1.194  4.87528e-07
1.193  4.87528e-07
1.192  4.87528e-07
1.191  4.87528e-07
1.19  4.87528e-07
1.189  4.87528e-07
1.188  4.87528e-07
1.187  4.87528e-07
1.186  4.87528e-07
1.185  4.87528e-07
1.184  4.87528e-07
1.183  4.87528e-07
1.182  4.87528e-07
1.181  4.87528e-07
1.18  4.87528e-07
1.179  4.87528e-07
1.178  4.87528e-07
1.177  4.87528e-07
1.176  4.7863e-07
1.175  4.7863e-07
1.174  4.7863e-07
1.173  4.7863e-07
1.172  4.7863e-07
1.171  4.7863e-07
1.17  4.87528e-07
1.169  4.87528e-07
1.168  4.87528e-07
1.167  4.96592e-07
1.166  4.96592e-07
1.165  4.96592e-07
1.164  4.96592e-07
1.163  4.96592e-07
1.162  4.87528e-07
1.161  4.87528e-07
1.16  4.87528e-07
1.159  4.87528e-07
1.158  4.87528e-07
1.157  4.87528e-07
1.156  4.87528e-07
1.155  4.87528e-07
1.154  4.96592e-07
1.153  4.96592e-07
1.152  4.96592e-07
1.151  4.96592e-07
1.15  4.96592e-07
1.149  4.96592e-07
1.148  4.96592e-07
1.147  4.96592e-07
1.146  4.96592e-07
1.145  4.96592e-07
1.144  4.96592e-07
1.143  4.96592e-07
1.142  4.96592e-07
1.141  4.96592e-07
1.14  4.96592e-07
1.139  4.96592e-07
1.138  4.96592e-07
1.137  4.96592e-07
1.136  4.96592e-07
1.135  4.96592e-07
1.134  4.96592e-07
1.133  4.96592e-07
1.132  4.96592e-07
1.131  4.96592e-07
1.13  4.96592e-07
1.129  5.05825e-07
1.128  5.05825e-07
1.127  5.05825e-07
1.126  5.05825e-07
1.125  5.05825e-07
1.124  5.05825e-07
1.123  5.05825e-07
1.122  5.05825e-07
1.121  5.05825e-07
1.12  5.05825e-07
1.119  5.05825e-07
1.118  5.05825e-07
1.117  5.05825e-07
1.116  5.05825e-07
1.115  5.05825e-07
1.114  5.05825e-07
1.113  5.05825e-07
1.112  5.05825e-07
1.111  5.05825e-07
1.11  5.05825e-07
1.109  5.05825e-07
1.108  5.05825e-07
1.107  5.05825e-07
1.106  5.05825e-07
1.105  5.05825e-07
1.104  5.05825e-07
1.103  5.05825e-07
1.102  5.05825e-07
1.101  5.05825e-07
1.1  5.05825e-07
1.099  5.05825e-07
1.098  4.96592e-07
1.097  5.05825e-07
1.096  5.05825e-07
1.095  5.05825e-07
1.094  5.05825e-07
1.093  5.05825e-07
1.092  5.05825e-07
1.091  5.05825e-07
1.09  5.05825e-07
1.089  5.05825e-07
1.088  5.05825e-07
1.087  5.05825e-07
1.086  5.05825e-07
1.085  5.05825e-07
1.084  5.05825e-07
1.083  5.05825e-07
1.082  4.96592e-07
1.081  4.96592e-07
1.08  4.96592e-07
1.079  4.96592e-07
1.078  4.96592e-07
1.077  4.96592e-07
1.076  4.96592e-07
1.075  4.96592e-07
1.074  4.96592e-07
1.073  4.96592e-07
1.072  4.96592e-07
1.071  4.96592e-07
1.07  4.96592e-07
1.069  4.96592e-07
1.068  5.05825e-07
1.067  5.05825e-07
1.066  5.05825e-07
1.065  5.05825e-07
1.064  5.05825e-07
1.063  5.05825e-07
1.062  5.05825e-07
1.061  5.05825e-07
1.06  5.05825e-07
1.059  4.96592e-07
1.058  4.96592e-07
1.057  4.96592e-07
1.056  4.96592e-07
1.055  4.96592e-07
1.054  4.96592e-07
1.053  4.96592e-07
1.052  4.96592e-07
1.051  4.96592e-07
1.05  4.96592e-07
1.049  4.96592e-07
1.048  4.96592e-07
1.047  4.87528e-07
1.046  4.87528e-07
1.045  4.87528e-07
1.044  4.87528e-07
1.043  4.87528e-07
1.042  4.87528e-07
1.041  4.87528e-07
1.04  4.87528e-07
1.039  4.7863e-07
1.038  4.7863e-07
1.037  4.7863e-07
1.036  4.7863e-07
1.035  4.7863e-07
1.034  4.7863e-07
1.033  4.7863e-07
1.032  4.87528e-07
1.031  4.96592e-07
1.03  5.24807e-07
1.011  5.15229e-07
1.01  4.87528e-07
1.009  4.87528e-07
1.008  4.87528e-07
1.007  4.96592e-07
1.006  5.05825e-07
1.005  5.05825e-07
1.004  5.05825e-07
1.003  5.15229e-07
1.002  5.15229e-07
1.001  5.15229e-07
1  5.15229e-07
0.999  5.15229e-07
0.998  5.15229e-07
0.997  5.15229e-07
0.996  5.24807e-07
0.995  5.24807e-07
0.994  5.34564e-07
0.993  5.34564e-07
0.992  5.34564e-07
0.991  5.34564e-07
0.99  5.34564e-07
0.989  5.34564e-07
0.988  5.34564e-07
0.987  5.44503e-07
0.986  5.44503e-07
0.985  5.54626e-07
0.984  5.54626e-07
0.983  5.44503e-07
0.982  5.34564e-07
0.981  5.34564e-07
0.98  5.34564e-07
0.979  5.34564e-07
0.978  5.34564e-07
0.977  5.34564e-07
0.976  5.34564e-07
0.975  5.34564e-07
0.974  5.34564e-07
0.973  5.34564e-07
0.972  5.34564e-07
0.971  5.34564e-07
0.97  5.34564e-07
0.969  5.34564e-07
0.968  5.34564e-07
0.967  5.34564e-07
0.966  5.44503e-07
0.965  5.44503e-07
0.964  5.44503e-07
0.963  5.44503e-07
0.962  5.34564e-07
0.961  5.34564e-07
0.96  5.34564e-07
0.959  5.34564e-07
0.958  5.34564e-07
0.957  5.34564e-07
0.956  5.44503e-07
0.955  5.44503e-07
0.954  5.34564e-07
0.953  5.34564e-07
0.952  5.34564e-07
0.951  5.34564e-07
0.95  5.34564e-07
0.949  5.34564e-07
0.948  5.44503e-07
0.947  5.44503e-07
0.946  5.34564e-07
0.945  5.34564e-07
0.944  5.34564e-07
0.943  5.34564e-07
0.942  5.34564e-07
0.941  5.34564e-07
0.94  5.34564e-07
0.939  5.34564e-07
0.938  5.34564e-07
0.937  5.34564e-07
0.936  5.34564e-07
0.935  5.34564e-07
0.934  5.34564e-07
0.933  5.34564e-07
0.932  5.34564e-07
0.931  5.34564e-07
0.93  5.34564e-07
0.929  5.34564e-07
0.928  5.34564e-07
0.927  5.34564e-07
0.926  5.34564e-07
0.925  5.34564e-07
0.924  5.34564e-07
0.923  5.34564e-07
0.922  5.34564e-07
0.921  5.24807e-07
0.92  5.24807e-07
0.919  5.34564e-07
0.918  5.34564e-07
0.917  5.34564e-07
0.916  5.34564e-07
0.915  5.34564e-07
0.914  5.34564e-07
0.913  5.34564e-07
0.912  5.34564e-07
0.911  5.34564e-07
0.91  5.34564e-07
0.909  5.34564e-07
0.908  5.24807e-07
0.907  5.24807e-07
0.906  5.24807e-07
0.905  5.24807e-07
0.904  5.24807e-07
0.903  5.24807e-07
0.902  5.24807e-07
0.901  5.24807e-07
0.9  5.24807e-07
0.899  5.24807e-07
0.898  5.24807e-07
0.897  5.24807e-07
0.896  5.24807e-07
0.895  5.24807e-07
0.894  5.24807e-07
0.893  5.24807e-07
0.892  5.24807e-07
0.891  5.34564e-07
0.89  5.34564e-07
0.889  5.34564e-07
0.888  5.34564e-07
0.887  5.34564e-07
0.886  5.34564e-07
0.885  5.34564e-07
0.884  5.34564e-07
0.883  5.34564e-07
0.882  5.34564e-07
0.881  5.34564e-07
0.88  5.34564e-07
0.879  5.34564e-07
0.878  5.34564e-07
0.877  5.34564e-07
0.876  5.34564e-07
0.875  5.34564e-07
0.874  5.44503e-07
0.873  5.44503e-07
0.872  5.44503e-07
0.871  5.44503e-07
0.87  5.44503e-07
0.869  5.44503e-07
0.868  5.44503e-07
0.867  5.44503e-07
0.866  5.54626e-07
0.865  5.54626e-07
0.864  5.54626e-07
0.863  5.64937e-07
0.862  5.64937e-07
0.861  5.7544e-07
0.86  5.7544e-07
0.859  5.7544e-07
0.858  5.64937e-07
0.857  5.64937e-07
0.856  5.64937e-07
0.855  5.64937e-07
0.854  5.7544e-07
0.853  5.7544e-07
0.852  5.7544e-07
0.851  5.7544e-07
0.85  5.86138e-07
0.849  5.86138e-07
0.848  6.08135e-07
0.847  6.42688e-07
0.846  6.42688e-07
0.845  6.42688e-07
0.845  6.79204e-07
