0.251  2.91072e-06
0.252  2.91072e-06
0.253  2.91072e-06
0.254  2.91072e-06
0.255  2.91072e-06
0.256  2.96483e-06
0.257  2.96483e-06
0.258  2.96483e-06
0.259  2.96483e-06
0.26  2.96483e-06
0.261  2.96483e-06
0.262  2.96483e-06
0.263  2.96483e-06
0.264  2.96483e-06
0.265  2.96483e-06
0.266  2.96483e-06
0.267  2.96483e-06
0.268  2.96483e-06
0.269  2.96483e-06
0.27  2.96483e-06
0.271  3.01995e-06
0.272  3.01995e-06
0.273  3.01995e-06
0.274  3.01995e-06
0.275  3.01995e-06
0.276  3.01995e-06
0.277  3.01995e-06
0.278  3.01995e-06
0.279  3.01995e-06
0.28  3.01995e-06
0.281  3.01995e-06
0.282  3.01995e-06
0.283  3.01995e-06
0.284  3.01995e-06
0.285  3.01995e-06
0.286  3.01995e-06
0.287  3.01995e-06
0.288  3.01995e-06
0.289  3.01995e-06
0.29  2.96483e-06
0.291  2.96483e-06
0.292  2.96483e-06
0.293  2.96483e-06
0.294  2.96483e-06
0.295  2.96483e-06
0.296  2.96483e-06
0.297  2.96483e-06
0.298  2.96483e-06
0.299  2.96483e-06
0.3  2.96483e-06
0.301  2.96483e-06
0.302  2.96483e-06
0.303  2.96483e-06
0.304  2.96483e-06
0.305  2.96483e-06
0.306  2.96483e-06
0.307  2.96483e-06
0.308  2.96483e-06
0.309  2.96483e-06
0.31  2.96483e-06
0.311  2.96483e-06
0.312  2.96483e-06
0.313  2.96483e-06
0.314  2.96483e-06
0.315  2.91072e-06
0.316  2.91072e-06
0.317  2.91072e-06
0.318  2.91072e-06
0.319  2.91072e-06
0.32  2.91072e-06
0.321  2.91072e-06
0.322  2.91072e-06
0.323  2.91072e-06
0.324  2.91072e-06
0.325  2.91072e-06
0.326  2.91072e-06
0.327  2.91072e-06
0.328  2.91072e-06
0.329  2.91072e-06
0.33  2.91072e-06
0.331  2.91072e-06
0.332  2.91072e-06
0.333  2.91072e-06
0.334  2.91072e-06
0.335  2.91072e-06
0.336  2.91072e-06
0.337  2.85759e-06
0.338  2.85759e-06
0.339  2.85759e-06
0.34  2.85759e-06
0.341  2.85759e-06
0.342  2.85759e-06
0.343  2.85759e-06
0.344  2.85759e-06
0.345  2.85759e-06
0.346  2.85759e-06
0.347  2.85759e-06
0.348  2.85759e-06
0.349  2.85759e-06
0.35  2.85759e-06
0.351  2.85759e-06
0.352  2.85759e-06
0.353  2.85759e-06
0.354  2.85759e-06
0.355  2.85759e-06
0.356  2.85759e-06
0.357  2.85759e-06
0.358  2.80543e-06
0.359  2.80543e-06
0.36  2.80543e-06
0.361  2.80543e-06
0.362  2.80543e-06
0.363  2.80543e-06
0.364  2.80543e-06
0.365  2.80543e-06
0.366  2.80543e-06
0.367  2.80543e-06
0.368  2.80543e-06
0.369  2.80543e-06
0.37  2.80543e-06
0.371  2.80543e-06
0.372  2.80543e-06
0.373  2.80543e-06
0.374  2.80543e-06
0.375  2.80543e-06
0.376  2.75423e-06
0.377  2.75423e-06
0.378  2.75423e-06
0.379  2.75423e-06
0.38  2.75423e-06
0.381  2.75423e-06
0.382  2.75423e-06
0.383  2.75423e-06
0.384  2.75423e-06
0.385  2.75423e-06
0.386  2.75423e-06
0.387  2.75423e-06
0.388  2.75423e-06
0.389  2.75423e-06
0.39  2.75423e-06
0.391  2.75423e-06
0.392  2.75423e-06
0.393  2.75423e-06
0.394  2.70396e-06
0.395  2.70396e-06
0.396  2.70396e-06
0.397  2.70396e-06
0.398  2.70396e-06
0.399  2.70396e-06
0.4  2.70396e-06
0.401  2.70396e-06
0.402  2.70396e-06
0.403  2.70396e-06
0.404  2.70396e-06
0.405  2.70396e-06
0.406  2.70396e-06
0.407  2.70396e-06
0.408  2.70396e-06
0.409  2.70396e-06
0.41  2.70396e-06
0.411  2.70396e-06
0.412  2.65461e-06
0.413  2.65461e-06
0.414  2.65461e-06
0.415  2.65461e-06
0.416  2.65461e-06
0.417  2.65461e-06
0.418  2.65461e-06
0.419  2.65461e-06
0.42  2.65461e-06
0.421  2.65461e-06
0.422  2.65461e-06
0.423  2.65461e-06
0.424  2.65461e-06
0.425  2.65461e-06
0.426  2.65461e-06
0.427  2.65461e-06
0.428  2.65461e-06
0.429  2.60615e-06
0.43  2.60615e-06
0.431  2.60615e-06
0.432  2.60615e-06
0.433  2.60615e-06
0.434  2.60615e-06
0.435  2.60615e-06
0.436  2.60615e-06
0.437  2.60615e-06
0.438  2.60615e-06
0.439  2.60615e-06
0.44  2.60615e-06
0.441  2.60615e-06
0.442  2.60615e-06
0.443  2.60615e-06
0.444  2.60615e-06
0.445  2.60615e-06
0.446  2.60615e-06
0.447  2.55859e-06
0.448  2.55859e-06
0.449  2.55859e-06
0.45  2.55859e-06
0.451  2.55859e-06
0.452  2.55859e-06
0.453  2.55859e-06
0.454  2.55859e-06
0.455  2.55859e-06
0.456  2.55859e-06
0.457  2.55859e-06
0.458  2.55859e-06
0.459  2.55859e-06
0.46  2.55859e-06
0.461  2.55859e-06
0.462  2.55859e-06
0.463  2.55859e-06
0.464  2.55859e-06
0.465  2.51189e-06
0.466  2.51189e-06
0.467  2.51189e-06
0.468  2.51189e-06
0.469  2.51189e-06
0.47  2.51189e-06
0.471  2.51189e-06
0.472  2.51189e-06
0.473  2.51189e-06
0.474  2.51189e-06
0.475  2.51189e-06
0.476  2.51189e-06
0.477  2.51189e-06
0.478  2.46604e-06
0.479  2.46604e-06
0.48  2.46604e-06
0.481  2.46604e-06
0.482  2.46604e-06
0.483  2.46604e-06
0.484  2.46604e-06
0.485  2.46604e-06
0.486  2.46604e-06
0.487  2.46604e-06
0.488  2.46604e-06
0.489  2.46604e-06
0.49  2.46604e-06
0.491  2.46604e-06
0.492  2.46604e-06
0.493  2.42103e-06
0.494  2.42103e-06
0.495  2.42103e-06
0.496  2.42103e-06
0.497  2.42103e-06
0.498  2.42103e-06
0.499  2.42103e-06
0.5  2.42103e-06
0.501  2.42103e-06
0.502  2.42103e-06
0.503  2.42103e-06
0.504  2.42103e-06
0.505  2.42103e-06
0.506  2.42103e-06
0.507  2.37684e-06
0.508  2.37684e-06
0.509  2.37684e-06
0.51  2.37684e-06
0.511  2.37684e-06
0.512  2.37684e-06
0.513  2.37684e-06
0.514  2.37684e-06
0.515  2.37684e-06
0.516  2.37684e-06
0.517  2.37684e-06
0.518  2.37684e-06
0.519  2.37684e-06
0.52  2.37684e-06
0.521  2.37684e-06
0.522  2.33346e-06
0.523  2.33346e-06
0.524  2.33346e-06
0.525  2.33346e-06
0.526  2.33346e-06
0.527  2.33346e-06
0.528  2.33346e-06
0.529  2.33346e-06
0.53  2.29087e-06
0.531  2.29087e-06
0.532  2.29087e-06
0.533  2.29087e-06
0.534  2.29087e-06
0.535  2.29087e-06
0.536  2.29087e-06
0.537  2.29087e-06
0.538  2.29087e-06
0.539  2.29087e-06
0.54  2.24905e-06
0.541  2.24905e-06
0.542  2.24905e-06
0.543  2.24905e-06
0.544  2.24905e-06
0.545  2.24905e-06
0.546  2.24905e-06
0.547  2.24905e-06
0.548  2.24905e-06
0.549  2.24905e-06
0.55  2.24905e-06
0.551  2.24905e-06
0.552  2.208e-06
0.553  2.208e-06
0.554  2.208e-06
0.555  2.208e-06
0.556  2.208e-06
0.557  2.208e-06
0.558  2.208e-06
0.559  2.208e-06
0.56  2.208e-06
0.561  2.208e-06
0.562  2.1677e-06
0.563  2.1677e-06
0.564  2.1677e-06
0.565  2.1677e-06
0.566  2.1677e-06
0.567  2.1677e-06
0.568  2.1677e-06
0.569  2.1677e-06
0.57  2.1677e-06
0.571  2.12814e-06
0.572  2.12814e-06
0.573  2.12814e-06
0.574  2.12814e-06
0.575  2.12814e-06
0.576  2.12814e-06
0.577  2.12814e-06
0.578  2.12814e-06
0.579  2.0893e-06
0.58  2.0893e-06
0.581  2.0893e-06
0.582  2.0893e-06
0.583  2.0893e-06
0.584  2.0893e-06
0.585  2.0893e-06
0.586  2.05116e-06
0.587  2.05116e-06
0.588  2.05116e-06
0.589  2.05116e-06
0.59  2.05116e-06
0.591  2.01372e-06
0.592  2.01372e-06
0.593  2.01372e-06
0.594  2.01372e-06
0.595  2.01372e-06
0.596  2.01372e-06
0.597  1.97697e-06
0.598  1.97697e-06
0.599  1.97697e-06
0.6  1.97697e-06
0.601  1.94089e-06
0.602  1.94089e-06
0.603  1.90546e-06
0.604  1.90546e-06
0.605  1.90546e-06
0.606  1.90546e-06
0.607  1.90546e-06
0.608  1.90546e-06
0.609  1.90546e-06
0.61  1.90546e-06
0.611  1.90546e-06
0.612  1.90546e-06
0.613  1.87068e-06
0.614  1.87068e-06
0.615  1.87068e-06
0.616  1.87068e-06
0.617  1.87068e-06
0.618  1.87068e-06
0.619  1.87068e-06
0.62  1.83654e-06
0.621  1.77011e-06
0.622  1.77011e-06
0.623  1.77011e-06
0.624  1.77011e-06
0.625  1.77011e-06
0.626  1.77011e-06
0.627  1.77011e-06
0.628  1.77011e-06
0.629  1.77011e-06
0.63  1.7378e-06
0.631  1.70608e-06
0.632  1.70608e-06
0.633  1.70608e-06
0.634  1.70608e-06
0.635  1.7378e-06
0.636  1.7378e-06
0.637  1.7378e-06
0.638  1.7378e-06
0.639  1.7378e-06
0.64  1.7378e-06
0.641  1.67494e-06
0.642  1.64437e-06
0.643  1.61436e-06
0.644  1.61436e-06
0.645  1.61436e-06
0.646  1.61436e-06
0.647  1.61436e-06
0.648  1.58489e-06
0.649  1.58489e-06
0.65  1.58489e-06
0.651  1.58489e-06
0.652  1.55597e-06
0.653  1.55597e-06
0.654  1.55597e-06
0.655  1.52757e-06
0.656  1.52757e-06
0.657  1.52757e-06
0.658  1.52757e-06
0.659  1.49968e-06
0.66  1.49968e-06
0.661  1.49968e-06
0.662  1.49968e-06
0.663  1.47231e-06
0.664  1.47231e-06
0.665  1.44544e-06
0.666  1.44544e-06
0.667  1.44544e-06
0.668  1.44544e-06
0.669  1.41906e-06
0.67  1.41906e-06
0.671  1.41906e-06
0.672  1.39316e-06
0.673  1.39316e-06
0.674  1.39316e-06
0.675  1.36773e-06
0.676  1.36773e-06
0.677  1.34276e-06
0.678  1.34276e-06
0.679  1.2942e-06
0.68  1.27057e-06
0.681  1.24738e-06
0.682  1.24738e-06
0.683  1.22462e-06
0.684  1.22462e-06
0.685  1.22462e-06
0.686  1.22462e-06
0.687  1.20226e-06
0.688  1.20226e-06
0.689  1.20226e-06
0.69  1.20226e-06
0.691  1.20226e-06
0.692  1.18032e-06
0.693  1.18032e-06
0.694  1.15878e-06
0.695  1.15878e-06
0.696  1.13763e-06
0.697  1.13763e-06
0.698  1.11686e-06
0.699  1.11686e-06
0.7  1.09648e-06
0.701  1.09648e-06
0.702  1.07647e-06
0.703  1.07647e-06
0.704  1.07647e-06
0.705  1.07647e-06
0.706  1.05682e-06
0.707  1.05682e-06
0.708  1.03753e-06
0.709  1.01859e-06
0.71  1e-06
0.711  9.81748e-07
0.712  9.81748e-07
0.713  9.81748e-07
0.714  9.63829e-07
0.715  9.63829e-07
0.716  9.63829e-07
0.717  9.63829e-07
0.718  9.46237e-07
0.719  9.28966e-07
0.72  8.95365e-07
0.721  8.79023e-07
0.722  8.79023e-07
0.723  8.79023e-07
0.724  8.62979e-07
0.725  8.62979e-07
0.726  8.62979e-07
0.727  8.62979e-07
0.728  8.47227e-07
0.729  8.31764e-07
0.73  8.16582e-07
0.731  8.16582e-07
0.732  8.01678e-07
0.733  8.01678e-07
0.734  7.87046e-07
0.735  7.87046e-07
0.736  7.72681e-07
0.737  7.72681e-07
0.738  7.44732e-07
0.739  6.91831e-07
0.74  6.30957e-07
0.741  7.44732e-07
0.742  7.31139e-07
0.743  7.31139e-07
0.744  7.31139e-07
0.745  7.17794e-07
0.746  7.17794e-07
0.747  7.17794e-07
0.748  7.04693e-07
0.749  6.91831e-07
0.75  6.91831e-07
0.751  6.54636e-07
0.752  6.54636e-07
0.753  6.66807e-07
0.754  6.66807e-07
0.755  6.66807e-07
0.756  6.66807e-07
0.757  6.66807e-07
0.758  6.66807e-07
0.759  6.54636e-07
0.76  6.42688e-07
0.761  6.19441e-07
0.762  6.19441e-07
0.763  6.30957e-07
0.764  6.30957e-07
0.765  6.08135e-07
0.766  5.97035e-07
0.767  5.97035e-07
0.768  5.97035e-07
0.769  5.86138e-07
0.77  5.64937e-07
0.771  5.34564e-07
0.772  5.15229e-07
0.773  4.96592e-07
0.79  6.08135e-07
0.791  6.08135e-07
0.792  6.54636e-07
0.793  7.31139e-07
0.794  7.31139e-07
0.795  7.44732e-07
0.796  7.72681e-07
0.797  8.01678e-07
0.798  8.16582e-07
0.799  8.16582e-07
0.8  8.01678e-07
0.801  8.16582e-07
0.802  8.31764e-07
0.803  8.47227e-07
0.804  8.62979e-07
0.805  8.62979e-07
0.806  8.79023e-07
0.807  8.95365e-07
0.808  8.95365e-07
0.809  9.12011e-07
0.81  9.12011e-07
0.811  9.28966e-07
0.812  9.46237e-07
0.813  9.46237e-07
0.814  9.63829e-07
0.815  9.63829e-07
0.816  9.81748e-07
0.817  9.81748e-07
0.818  1e-06
0.819  1e-06
0.82  1e-06
0.821  9.81748e-07
0.822  1e-06
0.823  1.01859e-06
0.824  1.01859e-06
0.825  1.03753e-06
0.826  1.05682e-06
0.827  1.07647e-06
0.828  1.07647e-06
0.829  1.07647e-06
0.83  1.05682e-06
0.831  1.07647e-06
0.832  1.07647e-06
0.833  1.09648e-06
0.834  1.09648e-06
0.835  1.11686e-06
0.836  1.13763e-06
0.837  1.13763e-06
0.838  1.15878e-06
0.839  1.18032e-06
0.84  1.15878e-06
0.841  1.18032e-06
0.842  1.18032e-06
0.843  1.20226e-06
0.844  1.20226e-06
0.845  1.20226e-06
0.846  1.22462e-06
0.847  1.22462e-06
0.848  1.22462e-06
0.849  1.24738e-06
0.85  1.27057e-06
0.851  1.27057e-06
0.852  1.27057e-06
0.853  1.27057e-06
0.854  1.27057e-06
0.855  1.27057e-06
0.856  1.27057e-06
0.857  1.2942e-06
0.858  1.27057e-06
0.859  1.24738e-06
0.86  1.24738e-06
0.861  1.27057e-06
0.862  1.27057e-06
0.863  1.2942e-06
0.864  1.2942e-06
0.865  1.31826e-06
0.866  1.31826e-06
0.867  1.34276e-06
0.868  1.34276e-06
0.869  1.36773e-06
0.87  1.39316e-06
0.871  1.39316e-06
0.872  1.39316e-06
0.873  1.39316e-06
0.874  1.39316e-06
0.875  1.39316e-06
0.876  1.41906e-06
0.877  1.41906e-06
0.878  1.41906e-06
0.879  1.41906e-06
0.88  1.41906e-06
0.881  1.41906e-06
0.882  1.44544e-06
0.883  1.44544e-06
0.884  1.44544e-06
0.885  1.47231e-06
0.886  1.47231e-06
0.887  1.47231e-06
0.888  1.47231e-06
0.889  1.49968e-06
0.89  1.49968e-06
0.891  1.49968e-06
0.892  1.47231e-06
0.893  1.47231e-06
0.894  1.47231e-06
0.895  1.49968e-06
0.896  1.49968e-06
0.897  1.52757e-06
0.898  1.52757e-06
0.899  1.52757e-06
0.9  1.52757e-06
0.901  1.52757e-06
0.902  1.52757e-06
0.903  1.52757e-06
0.904  1.52757e-06
0.905  1.52757e-06
0.906  1.52757e-06
0.907  1.55597e-06
0.908  1.55597e-06
0.909  1.55597e-06
0.91  1.55597e-06
0.911  1.58489e-06
0.912  1.58489e-06
0.913  1.58489e-06
0.914  1.58489e-06
0.915  1.58489e-06
0.916  1.58489e-06
0.917  1.58489e-06
0.918  1.58489e-06
0.919  1.61436e-06
0.92  1.58489e-06
0.921  1.58489e-06
0.922  1.58489e-06
0.923  1.58489e-06
0.924  1.61436e-06
0.925  1.61436e-06
0.926  1.61436e-06
0.927  1.61436e-06
0.928  1.61436e-06
0.929  1.61436e-06
0.93  1.61436e-06
0.931  1.61436e-06
0.932  1.61436e-06
0.933  1.61436e-06
0.934  1.64437e-06
0.935  1.64437e-06
0.936  1.64437e-06
0.937  1.64437e-06
0.938  1.64437e-06
0.939  1.64437e-06
0.94  1.64437e-06
0.941  1.64437e-06
0.942  1.64437e-06
0.943  1.64437e-06
0.944  1.64437e-06
0.945  1.64437e-06
0.946  1.67494e-06
0.947  1.67494e-06
0.948  1.67494e-06
0.949  1.67494e-06
0.95  1.64437e-06
0.951  1.64437e-06
0.952  1.64437e-06
0.953  1.67494e-06
0.954  1.67494e-06
0.955  1.67494e-06
0.956  1.67494e-06
0.957  1.67494e-06
0.958  1.67494e-06
0.959  1.64437e-06
0.96  1.64437e-06
0.961  1.64437e-06
0.962  1.64437e-06
0.963  1.70608e-06
0.964  1.67494e-06
0.965  1.67494e-06
0.966  1.67494e-06
0.967  1.67494e-06
0.968  1.67494e-06
0.969  1.67494e-06
0.97  1.67494e-06
0.971  1.67494e-06
0.972  1.67494e-06
0.973  1.67494e-06
0.974  1.67494e-06
0.975  1.67494e-06
0.976  1.67494e-06
0.977  1.67494e-06
0.978  1.67494e-06
0.979  1.64437e-06
0.98  1.64437e-06
0.981  1.67494e-06
0.982  1.67494e-06
0.983  1.70608e-06
0.984  1.70608e-06
0.985  1.70608e-06
0.986  1.70608e-06
0.987  1.70608e-06
0.988  1.67494e-06
0.989  1.67494e-06
0.99  1.67494e-06
0.991  1.67494e-06
0.992  1.67494e-06
0.993  1.67494e-06
0.994  1.67494e-06
0.995  1.64437e-06
0.996  1.64437e-06
0.997  1.61436e-06
0.998  1.61436e-06
0.999  1.58489e-06
1  1.58489e-06
1.001  1.58489e-06
1.002  1.58489e-06
1.003  1.58489e-06
1.004  1.55597e-06
1.005  1.52757e-06
1.006  1.52757e-06
1.007  1.52757e-06
1.008  1.41906e-06
1.009  1.34276e-06
1.01  1.31826e-06
1.011  1.13763e-06
1.012  1e-06
1.013  8.31764e-07
1.014  7.17794e-07
1.015  5.54626e-07
1.024  4.7863e-07
1.025  5.86138e-07
1.026  7.04693e-07
1.027  8.47227e-07
1.028  9.46237e-07
1.029  1.05682e-06
1.03  1.09648e-06
1.031  1.15878e-06
1.032  1.20226e-06
1.033  1.24738e-06
1.034  1.31826e-06
1.035  1.31826e-06
1.036  1.34276e-06
1.037  1.36773e-06
1.038  1.39316e-06
1.039  1.41906e-06
1.04  1.44544e-06
1.041  1.44544e-06
1.042  1.47231e-06
1.043  1.47231e-06
1.044  1.47231e-06
1.045  1.49968e-06
1.046  1.49968e-06
1.047  1.52757e-06
1.048  1.52757e-06
1.049  1.52757e-06
1.05  1.52757e-06
1.051  1.55597e-06
1.052  1.55597e-06
1.053  1.58489e-06
1.054  1.58489e-06
1.055  1.55597e-06
1.056  1.55597e-06
1.057  1.55597e-06
1.058  1.55597e-06
1.059  1.58489e-06
1.06  1.58489e-06
1.061  1.58489e-06
1.062  1.58489e-06
1.063  1.58489e-06
1.064  1.58489e-06
1.065  1.58489e-06
1.066  1.58489e-06
1.067  1.58489e-06
1.068  1.58489e-06
1.069  1.58489e-06
1.07  1.58489e-06
1.071  1.58489e-06
1.072  1.55597e-06
1.073  1.55597e-06
1.074  1.55597e-06
1.075  1.55597e-06
1.076  1.55597e-06
1.077  1.55597e-06
1.078  1.58489e-06
1.079  1.58489e-06
1.08  1.58489e-06
1.081  1.58489e-06
1.082  1.58489e-06
1.083  1.58489e-06
1.084  1.61436e-06
1.085  1.61436e-06
1.086  1.61436e-06
1.087  1.61436e-06
1.088  1.61436e-06
1.089  1.61436e-06
1.09  1.61436e-06
1.091  1.61436e-06
1.092  1.61436e-06
1.093  1.61436e-06
1.094  1.61436e-06
1.095  1.61436e-06
1.096  1.61436e-06
1.097  1.61436e-06
1.098  1.58489e-06
1.099  1.61436e-06
1.1  1.61436e-06
1.101  1.61436e-06
1.102  1.61436e-06
1.103  1.61436e-06
1.104  1.61436e-06
1.105  1.61436e-06
1.106  1.61436e-06
1.107  1.61436e-06
1.108  1.61436e-06
1.109  1.61436e-06
1.11  1.61436e-06
1.111  1.61436e-06
1.112  1.61436e-06
1.113  1.61436e-06
1.114  1.61436e-06
1.115  1.61436e-06
1.116  1.61436e-06
1.117  1.61436e-06
1.118  1.61436e-06
1.119  1.61436e-06
1.12  1.61436e-06
1.121  1.61436e-06
1.122  1.61436e-06
1.123  1.61436e-06
1.124  1.61436e-06
1.125  1.61436e-06
1.126  1.61436e-06
1.127  1.61436e-06
1.128  1.61436e-06
1.129  1.61436e-06
1.13  1.58489e-06
1.131  1.58489e-06
1.132  1.58489e-06
1.133  1.58489e-06
1.134  1.58489e-06
1.135  1.58489e-06
1.136  1.58489e-06
1.137  1.58489e-06
1.138  1.58489e-06
1.139  1.58489e-06
1.14  1.58489e-06
1.141  1.58489e-06
1.142  1.58489e-06
1.143  1.58489e-06
1.144  1.58489e-06
1.145  1.58489e-06
1.146  1.58489e-06
1.147  1.58489e-06
1.148  1.58489e-06
1.149  1.58489e-06
1.15  1.58489e-06
1.151  1.58489e-06
1.152  1.58489e-06
1.153  1.58489e-06
1.154  1.58489e-06
1.155  1.58489e-06
1.156  1.58489e-06
1.157  1.58489e-06
1.158  1.58489e-06
1.159  1.58489e-06
1.16  1.55597e-06
1.161  1.58489e-06
1.162  1.58489e-06
1.163  1.58489e-06
1.164  1.58489e-06
1.165  1.58489e-06
1.166  1.58489e-06
1.167  1.58489e-06
1.168  1.58489e-06
1.169  1.55597e-06
1.17  1.55597e-06
1.171  1.55597e-06
1.172  1.55597e-06
1.173  1.55597e-06
1.174  1.55597e-06
1.175  1.55597e-06
1.176  1.55597e-06
1.177  1.55597e-06
1.178  1.55597e-06
1.179  1.55597e-06
1.18  1.55597e-06
1.181  1.55597e-06
1.182  1.55597e-06
1.183  1.55597e-06
1.184  1.55597e-06
1.185  1.55597e-06
1.186  1.55597e-06
1.187  1.55597e-06
1.188  1.55597e-06
1.189  1.55597e-06
1.19  1.55597e-06
1.191  1.55597e-06
1.192  1.55597e-06
1.193  1.55597e-06
1.194  1.55597e-06
1.195  1.55597e-06
1.196  1.55597e-06
1.197  1.55597e-06
1.198  1.55597e-06
1.199  1.55597e-06
1.2  1.55597e-06
1.201  1.55597e-06
1.202  1.52757e-06
1.203  1.52757e-06
1.204  1.55597e-06
1.205  1.52757e-06
1.206  1.52757e-06
1.207  1.52757e-06
1.208  1.52757e-06
1.209  1.52757e-06
1.21  1.52757e-06
1.211  1.52757e-06
1.212  1.52757e-06
1.213  1.52757e-06
1.214  1.55597e-06
1.215  1.55597e-06
1.216  1.55597e-06
1.217  1.55597e-06
1.218  1.52757e-06
1.219  1.52757e-06
1.22  1.52757e-06
1.221  1.52757e-06
1.222  1.52757e-06
1.223  1.52757e-06
1.224  1.52757e-06
1.225  1.52757e-06
1.226  1.52757e-06
1.227  1.52757e-06
1.228  1.52757e-06
1.229  1.49968e-06
1.23  1.49968e-06
1.231  1.49968e-06
1.232  1.49968e-06
1.233  1.49968e-06
1.234  1.49968e-06
1.235  1.49968e-06
1.236  1.49968e-06
1.237  1.47231e-06
1.238  1.47231e-06
1.239  1.49968e-06
1.24  1.49968e-06
1.241  1.49968e-06
1.242  1.49968e-06
1.243  1.49968e-06
1.244  1.49968e-06
1.245  1.49968e-06
1.246  1.49968e-06
1.247  1.49968e-06
1.248  1.49968e-06
1.249  1.49968e-06
1.25  1.47231e-06
1.251  1.47231e-06
1.252  1.47231e-06
1.253  1.47231e-06
1.254  1.47231e-06
1.255  1.47231e-06
1.256  1.47231e-06
1.257  1.47231e-06
1.258  1.47231e-06
1.259  1.47231e-06
1.26  1.47231e-06
1.261  1.47231e-06
1.262  1.47231e-06
1.263  1.47231e-06
1.264  1.47231e-06
1.265  1.47231e-06
1.266  1.47231e-06
1.267  1.47231e-06
1.268  1.47231e-06
1.269  1.47231e-06
1.27  1.44544e-06
1.271  1.47231e-06
1.272  1.47231e-06
1.273  1.47231e-06
1.274  1.47231e-06
1.275  1.47231e-06
1.276  1.47231e-06
1.277  1.47231e-06
1.278  1.47231e-06
1.279  1.44544e-06
1.28  1.44544e-06
1.281  1.44544e-06
1.282  1.44544e-06
1.283  1.44544e-06
1.284  1.44544e-06
1.285  1.44544e-06
1.286  1.47231e-06
1.287  1.44544e-06
1.288  1.44544e-06
1.289  1.44544e-06
1.29  1.44544e-06
1.291  1.44544e-06
1.292  1.47231e-06
1.293  1.44544e-06
1.294  1.44544e-06
1.295  1.44544e-06
1.296  1.44544e-06
1.297  1.44544e-06
1.298  1.41906e-06
1.299  1.41906e-06
1.3  1.41906e-06
1.301  1.41906e-06
1.302  1.41906e-06
1.303  1.41906e-06
1.304  1.41906e-06
1.305  1.41906e-06
1.306  1.41906e-06
1.307  1.41906e-06
1.308  1.41906e-06
1.309  1.41906e-06
1.31  1.41906e-06
1.311  1.41906e-06
1.312  1.41906e-06
1.313  1.41906e-06
1.314  1.41906e-06
1.315  1.41906e-06
1.316  1.41906e-06
1.317  1.39316e-06
1.318  1.39316e-06
1.319  1.39316e-06
1.32  1.39316e-06
1.321  1.39316e-06
1.322  1.41906e-06
1.323  1.41906e-06
1.324  1.41906e-06
1.325  1.41906e-06
1.326  1.41906e-06
1.327  1.41906e-06
1.328  1.41906e-06
1.329  1.39316e-06
1.33  1.39316e-06
1.331  1.39316e-06
1.332  1.39316e-06
1.333  1.39316e-06
1.334  1.39316e-06
1.335  1.39316e-06
1.336  1.36773e-06
1.337  1.36773e-06
1.338  1.36773e-06
1.339  1.36773e-06
1.34  1.36773e-06
1.341  1.36773e-06
1.342  1.36773e-06
1.343  1.36773e-06
1.344  1.36773e-06
1.345  1.36773e-06
1.346  1.36773e-06
1.347  1.36773e-06
1.348  1.36773e-06
1.349  1.34276e-06
1.35  1.34276e-06
1.351  1.34276e-06
1.352  1.31826e-06
1.353  1.31826e-06
1.354  1.31826e-06
1.355  1.31826e-06
1.356  1.31826e-06
1.357  1.31826e-06
1.358  1.31826e-06
1.359  1.34276e-06
1.36  1.34276e-06
1.361  1.34276e-06
1.362  1.34276e-06
1.363  1.34276e-06
1.364  1.34276e-06
1.365  1.34276e-06
1.366  1.34276e-06
1.367  1.34276e-06
1.368  1.31826e-06
1.369  1.31826e-06
1.37  1.31826e-06
1.371  1.31826e-06
1.372  1.31826e-06
1.373  1.31826e-06
1.374  1.34276e-06
1.375  1.31826e-06
1.376  1.31826e-06
1.377  1.31826e-06
1.378  1.31826e-06
1.379  1.31826e-06
1.38  1.31826e-06
1.381  1.31826e-06
1.382  1.31826e-06
1.383  1.31826e-06
1.384  1.31826e-06
1.385  1.31826e-06
1.386  1.31826e-06
1.387  1.31826e-06
1.388  1.2942e-06
1.389  1.2942e-06
1.39  1.2942e-06
1.391  1.2942e-06
1.392  1.2942e-06
1.393  1.2942e-06
1.394  1.27057e-06
1.395  1.27057e-06
1.396  1.27057e-06
1.397  1.2942e-06
1.398  1.27057e-06
1.399  1.27057e-06
1.4  1.27057e-06
1.401  1.27057e-06
1.402  1.27057e-06
1.403  1.2942e-06
1.404  1.2942e-06
1.405  1.2942e-06
1.406  1.2942e-06
1.407  1.2942e-06
1.408  1.2942e-06
1.409  1.2942e-06
1.41  1.2942e-06
1.411  1.2942e-06
1.412  1.2942e-06
1.413  1.2942e-06
1.414  1.2942e-06
1.415  1.2942e-06
1.416  1.2942e-06
1.417  1.2942e-06
1.418  1.2942e-06
1.419  1.2942e-06
1.42  1.2942e-06
1.421  1.2942e-06
1.422  1.2942e-06
1.423  1.2942e-06
1.424  1.2942e-06
1.425  1.2942e-06
1.426  1.2942e-06
1.427  1.2942e-06
1.428  1.2942e-06
1.429  1.2942e-06
1.43  1.2942e-06
1.431  1.2942e-06
1.432  1.2942e-06
1.433  1.2942e-06
1.434  1.2942e-06
1.435  1.2942e-06
1.436  1.31826e-06
1.437  1.31826e-06
1.438  1.31826e-06
1.439  1.2942e-06
1.44  1.2942e-06
1.441  1.27057e-06
1.442  1.27057e-06
1.443  1.27057e-06
1.444  1.27057e-06
1.445  1.27057e-06
1.446  1.27057e-06
1.447  1.27057e-06
1.448  1.27057e-06
1.449  1.27057e-06
1.45  1.27057e-06
1.451  1.27057e-06
1.452  1.27057e-06
1.453  1.24738e-06
1.454  1.24738e-06
1.455  1.24738e-06
1.456  1.24738e-06
1.457  1.24738e-06
1.458  1.24738e-06
1.459  1.22462e-06
1.46  1.22462e-06
1.461  1.22462e-06
1.462  1.22462e-06
1.463  1.22462e-06
1.464  1.22462e-06
1.465  1.20226e-06
1.466  1.20226e-06
1.467  1.20226e-06
1.468  1.20226e-06
1.469  1.20226e-06
1.47  1.20226e-06
1.471  1.18032e-06
1.472  1.18032e-06
1.473  1.18032e-06
1.474  1.18032e-06
1.475  1.18032e-06
1.476  1.18032e-06
1.477  1.15878e-06
1.478  1.15878e-06
1.479  1.15878e-06
1.48  1.15878e-06
1.481  1.15878e-06
1.482  1.15878e-06
1.483  1.15878e-06
1.484  1.13763e-06
1.485  1.13763e-06
1.486  1.13763e-06
1.487  1.13763e-06
1.488  1.13763e-06
1.489  1.13763e-06
1.49  1.13763e-06
1.491  1.11686e-06
1.492  1.11686e-06
1.493  1.11686e-06
1.494  1.11686e-06
1.495  1.11686e-06
1.496  1.11686e-06
1.497  1.11686e-06
1.498  1.11686e-06
1.499  1.11686e-06
1.5  1.11686e-06
1.501  1.11686e-06
1.502  1.11686e-06
1.503  1.11686e-06
1.504  1.11686e-06
1.505  1.11686e-06
1.506  1.11686e-06
1.507  1.11686e-06
1.508  1.11686e-06
1.509  1.11686e-06
1.51  1.11686e-06
1.511  1.11686e-06
1.512  1.11686e-06
1.513  1.11686e-06
1.514  1.11686e-06
1.515  1.11686e-06
1.516  1.11686e-06
1.517  1.11686e-06
1.518  1.11686e-06
1.519  1.11686e-06
1.52  1.11686e-06
1.521  1.11686e-06
1.522  1.11686e-06
1.523  1.11686e-06
1.524  1.11686e-06
1.525  1.09648e-06
1.526  1.09648e-06
1.527  1.09648e-06
1.528  1.09648e-06
1.529  1.09648e-06
1.53  1.09648e-06
1.531  1.09648e-06
1.532  1.09648e-06
1.533  1.09648e-06
1.534  1.09648e-06
1.535  1.09648e-06
1.536  1.09648e-06
1.537  1.09648e-06
1.538  1.09648e-06
1.539  1.09648e-06
1.54  1.09648e-06
1.541  1.09648e-06
1.542  1.09648e-06
1.543  1.09648e-06
1.544  1.09648e-06
1.545  1.09648e-06
1.546  1.09648e-06
1.547  1.09648e-06
1.548  1.07647e-06
1.549  1.07647e-06
1.55  1.07647e-06
1.551  1.07647e-06
1.552  1.07647e-06
1.553  1.07647e-06
1.554  1.07647e-06
1.555  1.07647e-06
1.556  1.07647e-06
1.557  1.07647e-06
1.558  1.07647e-06
1.559  1.07647e-06
1.56  1.07647e-06
1.561  1.07647e-06
1.562  1.07647e-06
1.563  1.07647e-06
1.564  1.07647e-06
1.565  1.07647e-06
1.566  1.07647e-06
1.567  1.07647e-06
1.568  1.07647e-06
1.569  1.07647e-06
1.57  1.07647e-06
1.571  1.07647e-06
1.572  1.07647e-06
1.573  1.07647e-06
1.574  1.07647e-06
1.575  1.07647e-06
1.576  1.07647e-06
1.577  1.07647e-06
1.578  1.07647e-06
1.579  1.07647e-06
1.58  1.07647e-06
1.581  1.07647e-06
1.582  1.07647e-06
1.583  1.05682e-06
1.584  1.05682e-06
1.585  1.05682e-06
1.586  1.05682e-06
1.587  1.05682e-06
1.588  1.05682e-06
1.589  1.05682e-06
1.59  1.05682e-06
1.591  1.05682e-06
1.592  1.05682e-06
1.593  1.05682e-06
1.594  1.05682e-06
1.595  1.03753e-06
1.596  1.03753e-06
1.597  1.03753e-06
1.598  1.03753e-06
1.599  1.03753e-06
1.6  1.03753e-06
1.601  1.03753e-06
1.602  1.03753e-06
1.603  1.03753e-06
1.604  1.03753e-06
1.605  1.03753e-06
1.606  1.03753e-06
1.607  1.03753e-06
1.608  1.03753e-06
1.609  1.03753e-06
1.61  1.03753e-06
1.611  1.03753e-06
1.612  1.03753e-06
1.613  1.03753e-06
1.614  1.03753e-06
1.615  1.03753e-06
1.616  1.03753e-06
1.617  1.03753e-06
1.618  1.03753e-06
1.619  1.03753e-06
1.62  1.03753e-06
1.621  1.03753e-06
1.622  1.03753e-06
1.623  1.03753e-06
1.624  1.03753e-06
1.625  1.03753e-06
1.626  1.03753e-06
1.627  1.03753e-06
1.628  1.03753e-06
1.629  1.03753e-06
1.63  1.03753e-06
1.631  1.01859e-06
1.632  1.01859e-06
1.633  1.01859e-06
1.634  1.01859e-06
1.635  1.01859e-06
1.636  1.01859e-06
1.637  1.01859e-06
1.638  1e-06
1.639  9.81748e-07
1.64  9.81748e-07
1.641  9.81748e-07
1.642  9.63829e-07
1.643  9.63829e-07
1.644  9.63829e-07
1.645  9.63829e-07
1.646  9.63829e-07
1.647  9.63829e-07
1.648  9.46237e-07
1.649  9.46237e-07
1.65  9.46237e-07
1.651  9.46237e-07
1.652  9.46237e-07
1.653  9.46237e-07
1.654  9.63829e-07
1.655  9.63829e-07
1.656  9.63829e-07
1.657  9.63829e-07
1.658  9.63829e-07
1.659  9.63829e-07
1.66  9.63829e-07
1.661  9.81748e-07
1.662  1e-06
1.663  1e-06
1.664  1e-06
1.665  1e-06
1.666  1e-06
1.667  1e-06
1.668  1e-06
1.669  9.81748e-07
1.67  9.81748e-07
1.671  9.81748e-07
1.672  9.81748e-07
1.673  9.81748e-07
1.674  9.81748e-07
1.675  9.81748e-07
1.676  9.81748e-07
1.677  9.81748e-07
1.678  9.81748e-07
1.679  9.81748e-07
1.68  9.81748e-07
1.681  9.81748e-07
1.682  9.81748e-07
1.683  9.81748e-07
1.684  9.81748e-07
1.685  1e-06
1.686  1e-06
1.687  1e-06
1.688  1e-06
1.689  1e-06
1.69  1e-06
1.691  1e-06
1.692  9.81748e-07
1.693  9.81748e-07
1.694  9.81748e-07
1.695  9.81748e-07
1.696  9.81748e-07
1.697  9.81748e-07
1.698  9.81748e-07
1.699  9.81748e-07
1.7  9.81748e-07
1.701  9.81748e-07
1.702  9.81748e-07
1.703  9.81748e-07
1.704  9.81748e-07
1.705  9.81748e-07
1.706  9.81748e-07
1.707  9.81748e-07
1.708  9.81748e-07
1.709  9.81748e-07
1.71  9.81748e-07
1.711  9.81748e-07
1.712  9.81748e-07
1.713  9.81748e-07
1.714  9.81748e-07
1.715  9.81748e-07
1.716  9.81748e-07
1.717  9.81748e-07
1.718  9.81748e-07
1.719  9.81748e-07
1.72  9.81748e-07
1.721  9.81748e-07
1.722  9.81748e-07
1.723  9.81748e-07
1.724  9.81748e-07
1.725  9.81748e-07
1.726  9.81748e-07
1.727  9.81748e-07
1.728  9.81748e-07
1.729  1e-06
1.73  1e-06
1.731  1e-06
1.732  1e-06
1.733  1e-06
1.734  1e-06
1.735  1e-06
1.736  1e-06
1.737  1e-06
1.738  1e-06
1.739  9.81748e-07
1.74  9.81748e-07
1.741  9.81748e-07
1.742  9.81748e-07
1.743  9.81748e-07
1.744  9.81748e-07
1.745  9.81748e-07
1.746  9.81748e-07
1.747  9.81748e-07
1.748  9.81748e-07
1.749  9.81748e-07
1.75  9.81748e-07
1.751  9.63829e-07
1.752  9.63829e-07
1.753  9.46237e-07
1.754  9.46237e-07
1.755  9.46237e-07
1.756  9.28966e-07
1.757  9.28966e-07
1.758  9.28966e-07
1.759  9.46237e-07
1.76  9.46237e-07
1.761  9.46237e-07
1.762  9.63829e-07
1.763  9.81748e-07
1.764  9.81748e-07
1.765  9.81748e-07
1.766  1e-06
1.767  1e-06
1.768  1.01859e-06
1.769  1.01859e-06
1.77  1.01859e-06
1.771  1e-06
1.772  9.81748e-07
1.773  9.81748e-07
1.774  9.63829e-07
1.775  9.46237e-07
1.776  9.46237e-07
1.777  9.46237e-07
1.778  9.46237e-07
1.779  9.46237e-07
1.78  9.46237e-07
1.781  9.46237e-07
1.782  9.63829e-07
1.783  9.63829e-07
1.784  9.63829e-07
1.785  9.81748e-07
1.786  9.81748e-07
1.787  9.81748e-07
1.788  9.81748e-07
1.789  9.81748e-07
1.79  9.81748e-07
1.791  9.81748e-07
1.792  9.81748e-07
1.793  9.81748e-07
1.794  9.81748e-07
1.795  9.81748e-07
1.796  9.81748e-07
1.797  9.81748e-07
1.798  9.81748e-07
1.799  9.81748e-07
1.8  9.81748e-07
1.801  9.81748e-07
1.802  9.81748e-07
1.803  9.81748e-07
1.804  1e-06
1.805  1e-06
1.806  1e-06
1.807  1e-06
1.808  1e-06
1.809  1.01859e-06
1.81  1.01859e-06
1.811  1.01859e-06
1.812  1.01859e-06
1.813  1.01859e-06
1.814  1.01859e-06
1.815  1e-06
1.816  1e-06
1.817  1e-06
1.818  1e-06
1.819  1e-06
1.82  9.81748e-07
1.821  1e-06
1.822  1e-06
1.823  1e-06
1.824  1e-06
1.825  1e-06
1.826  1e-06
1.827  1e-06
1.828  9.81748e-07
1.829  9.81748e-07
1.83  9.81748e-07
1.831  9.63829e-07
1.832  9.63829e-07
1.833  9.63829e-07
1.834  9.46237e-07
1.835  9.46237e-07
1.836  9.63829e-07
1.837  9.63829e-07
1.838  9.63829e-07
1.839  9.63829e-07
1.84  9.63829e-07
1.841  9.81748e-07
1.842  9.81748e-07
1.843  1e-06
1.844  1e-06
1.845  1e-06
1.846  1.01859e-06
1.847  1.01859e-06
1.848  1.03753e-06
1.849  1.03753e-06
1.85  1.05682e-06
1.851  1.05682e-06
1.852  1.05682e-06
1.853  1.05682e-06
1.854  1.05682e-06
1.855  1.05682e-06
1.856  1.05682e-06
1.857  1.03753e-06
1.858  1.03753e-06
1.859  1.03753e-06
1.86  1.03753e-06
1.861  1.05682e-06
1.862  1.05682e-06
1.863  1.05682e-06
1.864  1.05682e-06
1.865  1.05682e-06
1.866  1.05682e-06
1.867  1.05682e-06
1.868  1.05682e-06
1.869  1.05682e-06
1.87  1.05682e-06
1.871  1.05682e-06
1.872  1.05682e-06
1.873  1.03753e-06
1.874  1.03753e-06
1.875  1.03753e-06
1.876  1.03753e-06
1.877  1.03753e-06
1.878  1.03753e-06
1.879  1.03753e-06
1.88  1.03753e-06
1.881  1.03753e-06
1.882  1.03753e-06
1.883  1.03753e-06
1.884  1.03753e-06
1.885  1.05682e-06
1.886  1.05682e-06
1.887  1.05682e-06
1.888  1.05682e-06
1.889  1.05682e-06
1.89  1.05682e-06
1.891  1.05682e-06
1.892  1.03753e-06
1.893  1.03753e-06
1.894  1.03753e-06
1.895  1.03753e-06
1.896  1.03753e-06
1.897  1.03753e-06
1.898  1.03753e-06
1.899  1.03753e-06
1.9  1.01859e-06
1.901  1.01859e-06
1.902  1.03753e-06
1.903  1.03753e-06
1.904  1.03753e-06
1.905  1.03753e-06
1.906  1.03753e-06
1.907  1.03753e-06
1.908  1.03753e-06
1.909  1.03753e-06
1.91  1.03753e-06
1.911  1.03753e-06
1.912  1.03753e-06
1.913  1.03753e-06
1.914  1.03753e-06
1.915  1.03753e-06
1.916  1.03753e-06
1.917  1.01859e-06
1.918  1.01859e-06
1.919  1.01859e-06
1.92  1.01859e-06
1.921  1.01859e-06
1.922  1.01859e-06
1.923  1.01859e-06
1.924  1.01859e-06
1.925  1.01859e-06
1.926  1.01859e-06
1.927  1.01859e-06
1.928  1.01859e-06
1.929  1.01859e-06
1.93  1.01859e-06
1.931  1.01859e-06
1.932  1.03753e-06
1.933  1.03753e-06
1.934  1.03753e-06
1.935  1.03753e-06
1.936  1.03753e-06
1.937  1.03753e-06
1.938  1.03753e-06
1.939  1.01859e-06
1.94  1e-06
1.941  1e-06
1.942  1.01859e-06
1.943  1.01859e-06
1.944  1.01859e-06
1.945  1.01859e-06
1.946  1.01859e-06
1.947  1e-06
1.948  1e-06
1.949  9.81748e-07
1.95  9.81748e-07
1.951  1e-06
1.952  1.01859e-06
1.953  1.01859e-06
1.954  1.03753e-06
1.955  1.05682e-06
1.956  1.03753e-06
1.957  1.01859e-06
1.958  1e-06
1.959  9.63829e-07
1.96  9.46237e-07
1.961  9.63829e-07
1.962  9.81748e-07
1.963  9.81748e-07
1.964  9.81748e-07
1.965  9.81748e-07
1.966  9.81748e-07
1.967  9.81748e-07
1.968  9.81748e-07
1.969  9.63829e-07
1.97  9.63829e-07
1.971  9.63829e-07
1.972  9.63829e-07
1.973  9.63829e-07
1.974  9.63829e-07
1.975  9.46237e-07
1.976  9.46237e-07
1.977  9.46237e-07
1.978  9.46237e-07
1.979  9.46237e-07
1.98  9.28966e-07
1.981  9.46237e-07
1.982  9.46237e-07
1.983  9.46237e-07
1.984  9.46237e-07
1.985  9.63829e-07
1.986  9.63829e-07
1.987  9.63829e-07
1.988  9.63829e-07
1.989  9.63829e-07
1.99  9.46237e-07
1.991  9.63829e-07
1.992  9.63829e-07
1.993  9.63829e-07
1.994  9.63829e-07
1.995  9.63829e-07
1.996  9.63829e-07
1.997  9.63829e-07
1.998  9.63829e-07
1.999  9.63829e-07
2  9.63829e-07
2  2.12814e-07
1.999  2.12814e-07
1.998  2.12814e-07
1.997  2.12814e-07
1.996  2.12814e-07
1.995  2.12814e-07
1.994  2.12814e-07
1.993  2.12814e-07
1.992  2.12814e-07
1.991  2.12814e-07
1.99  2.12814e-07
1.989  2.12814e-07
1.988  2.12814e-07
1.987  2.12814e-07
1.986  2.12814e-07
1.985  2.12814e-07
1.984  2.12814e-07
1.983  2.12814e-07
1.982  2.12814e-07
1.981  2.12814e-07
1.98  2.0893e-07
1.979  2.12814e-07
1.978  2.12814e-07
1.977  2.12814e-07
1.976  2.12814e-07
1.975  2.12814e-07
1.974  2.12814e-07
1.973  2.12814e-07
1.972  2.12814e-07
1.971  2.12814e-07
1.97  2.12814e-07
1.969  2.12814e-07
1.968  2.12814e-07
1.967  2.12814e-07
1.966  2.1677e-07
1.965  2.1677e-07
1.964  2.1677e-07
1.963  2.1677e-07
1.962  2.1677e-07
1.961  2.12814e-07
1.96  2.12814e-07
1.959  2.12814e-07
1.958  2.1677e-07
1.957  2.1677e-07
1.956  2.208e-07
1.955  2.208e-07
1.954  2.208e-07
1.953  2.208e-07
1.952  2.1677e-07
1.951  2.1677e-07
1.95  2.1677e-07
1.949  2.1677e-07
1.948  2.1677e-07
1.947  2.1677e-07
1.946  2.1677e-07
1.945  2.208e-07
1.944  2.208e-07
1.943  2.208e-07
1.942  2.1677e-07
1.941  2.1677e-07
1.94  2.1677e-07
1.939  2.208e-07
1.938  2.208e-07
1.937  2.208e-07
1.936  2.208e-07
1.935  2.208e-07
1.934  2.208e-07
1.933  2.208e-07
1.932  2.208e-07
1.931  2.208e-07
1.93  2.208e-07
1.929  2.208e-07
1.928  2.208e-07
1.927  2.208e-07
1.926  2.208e-07
1.925  2.208e-07
1.924  2.208e-07
1.923  2.208e-07
1.922  2.208e-07
1.921  2.208e-07
1.92  2.208e-07
1.919  2.208e-07
1.918  2.208e-07
1.917  2.208e-07
1.916  2.208e-07
1.915  2.208e-07
1.914  2.208e-07
1.913  2.208e-07
1.912  2.208e-07
1.911  2.208e-07
1.91  2.208e-07
1.909  2.208e-07
1.908  2.208e-07
1.907  2.208e-07
1.906  2.208e-07
1.905  2.208e-07
1.904  2.208e-07
1.903  2.208e-07
1.902  2.208e-07
1.901  2.208e-07
1.9  2.208e-07
1.899  2.208e-07
1.898  2.208e-07
1.897  2.208e-07
1.896  2.208e-07
1.895  2.208e-07
1.894  2.208e-07
1.893  2.24905e-07
1.892  2.24905e-07
1.891  2.24905e-07
1.89  2.24905e-07
1.889  2.24905e-07
1.888  2.24905e-07
1.887  2.24905e-07
1.886  2.24905e-07
1.885  2.24905e-07
1.884  2.24905e-07
1.883  2.24905e-07
1.882  2.24905e-07
1.881  2.24905e-07
1.88  2.208e-07
1.879  2.208e-07
1.878  2.24905e-07
1.877  2.24905e-07
1.876  2.24905e-07
1.875  2.24905e-07
1.874  2.24905e-07
1.873  2.24905e-07
1.872  2.24905e-07
1.871  2.24905e-07
1.87  2.24905e-07
1.869  2.24905e-07
1.868  2.24905e-07
1.867  2.24905e-07
1.866  2.24905e-07
1.865  2.24905e-07
1.864  2.24905e-07
1.863  2.24905e-07
1.862  2.24905e-07
1.861  2.24905e-07
1.86  2.24905e-07
1.859  2.24905e-07
1.858  2.24905e-07
1.857  2.24905e-07
1.856  2.24905e-07
1.855  2.24905e-07
1.854  2.24905e-07
1.853  2.24905e-07
1.852  2.24905e-07
1.851  2.24905e-07
1.85  2.24905e-07
1.849  2.24905e-07
1.848  2.24905e-07
1.847  2.24905e-07
1.846  2.208e-07
1.845  2.208e-07
1.844  2.208e-07
1.843  2.208e-07
1.842  2.208e-07
1.841  2.208e-07
1.84  2.1677e-07
1.839  2.1677e-07
1.838  2.1677e-07
1.837  2.1677e-07
1.836  2.1677e-07
1.835  2.1677e-07
1.834  2.1677e-07
1.833  2.1677e-07
1.832  2.1677e-07
1.831  2.208e-07
1.83  2.208e-07
1.829  2.208e-07
1.828  2.208e-07
1.827  2.208e-07
1.826  2.208e-07
1.825  2.208e-07
1.824  2.208e-07
1.823  2.208e-07
1.822  2.208e-07
1.821  2.208e-07
1.82  2.208e-07
1.819  2.208e-07
1.818  2.208e-07
1.817  2.208e-07
1.816  2.208e-07
1.815  2.208e-07
1.814  2.24905e-07
1.813  2.24905e-07
1.812  2.24905e-07
1.811  2.24905e-07
1.81  2.24905e-07
1.809  2.24905e-07
1.808  2.208e-07
1.807  2.208e-07
1.806  2.208e-07
1.805  2.208e-07
1.804  2.208e-07
1.803  2.208e-07
1.802  2.208e-07
1.801  2.208e-07
1.8  2.208e-07
1.799  2.208e-07
1.798  2.208e-07
1.797  2.208e-07
1.796  2.208e-07
1.795  2.208e-07
1.794  2.208e-07
1.793  2.208e-07
1.792  2.208e-07
1.791  2.208e-07
1.79  2.208e-07
1.789  2.208e-07
1.788  2.208e-07
1.787  2.208e-07
1.786  2.208e-07
1.785  2.208e-07
1.784  2.208e-07
1.783  2.208e-07
1.782  2.208e-07
1.781  2.208e-07
1.78  2.208e-07
1.779  2.208e-07
1.778  2.208e-07
1.777  2.208e-07
1.776  2.208e-07
1.775  2.208e-07
1.774  2.208e-07
1.773  2.208e-07
1.772  2.208e-07
1.771  2.24905e-07
1.77  2.24905e-07
1.769  2.24905e-07
1.768  2.24905e-07
1.767  2.24905e-07
1.766  2.24905e-07
1.765  2.24905e-07
1.764  2.208e-07
1.763  2.208e-07
1.762  2.208e-07
1.761  2.208e-07
1.76  2.208e-07
1.759  2.208e-07
1.758  2.208e-07
1.757  2.1677e-07
1.756  2.1677e-07
1.755  2.208e-07
1.754  2.208e-07
1.753  2.208e-07
1.752  2.208e-07
1.751  2.208e-07
1.75  2.208e-07
1.749  2.208e-07
1.748  2.208e-07
1.747  2.208e-07
1.746  2.208e-07
1.745  2.208e-07
1.744  2.208e-07
1.743  2.208e-07
1.742  2.208e-07
1.741  2.208e-07
1.74  2.24905e-07
1.739  2.24905e-07
1.738  2.24905e-07
1.737  2.24905e-07
1.736  2.24905e-07
1.735  2.24905e-07
1.734  2.24905e-07
1.733  2.24905e-07
1.732  2.24905e-07
1.731  2.24905e-07
1.73  2.24905e-07
1.729  2.24905e-07
1.728  2.24905e-07
1.727  2.24905e-07
1.726  2.24905e-07
1.725  2.24905e-07
1.724  2.24905e-07
1.723  2.24905e-07
1.722  2.24905e-07
1.721  2.24905e-07
1.72  2.24905e-07
1.719  2.24905e-07
1.718  2.24905e-07
1.717  2.24905e-07
1.716  2.24905e-07
1.715  2.24905e-07
1.714  2.24905e-07
1.713  2.24905e-07
1.712  2.24905e-07
1.711  2.24905e-07
1.71  2.24905e-07
1.709  2.24905e-07
1.708  2.24905e-07
1.707  2.24905e-07
1.706  2.24905e-07
1.705  2.24905e-07
1.704  2.24905e-07
1.703  2.24905e-07
1.702  2.24905e-07
1.701  2.24905e-07
1.7  2.24905e-07
1.699  2.24905e-07
1.698  2.24905e-07
1.697  2.24905e-07
1.696  2.24905e-07
1.695  2.24905e-07
1.694  2.24905e-07
1.693  2.24905e-07
1.692  2.24905e-07
1.691  2.24905e-07
1.69  2.24905e-07
1.689  2.24905e-07
1.688  2.24905e-07
1.687  2.24905e-07
1.686  2.24905e-07
1.685  2.24905e-07
1.684  2.24905e-07
1.683  2.24905e-07
1.682  2.24905e-07
1.681  2.24905e-07
1.68  2.24905e-07
1.679  2.24905e-07
1.678  2.24905e-07
1.677  2.24905e-07
1.676  2.24905e-07
1.675  2.24905e-07
1.674  2.24905e-07
1.673  2.24905e-07
1.672  2.24905e-07
1.671  2.24905e-07
1.67  2.24905e-07
1.669  2.24905e-07
1.668  2.29087e-07
1.667  2.29087e-07
1.666  2.29087e-07
1.665  2.29087e-07
1.664  2.29087e-07
1.663  2.29087e-07
1.662  2.29087e-07
1.661  2.24905e-07
1.66  2.24905e-07
1.659  2.24905e-07
1.658  2.24905e-07
1.657  2.24905e-07
1.656  2.24905e-07
1.655  2.24905e-07
1.654  2.24905e-07
1.653  2.24905e-07
1.652  2.24905e-07
1.651  2.24905e-07
1.65  2.24905e-07
1.649  2.24905e-07
1.648  2.24905e-07
1.647  2.24905e-07
1.646  2.24905e-07
1.645  2.24905e-07
1.644  2.24905e-07
1.643  2.24905e-07
1.642  2.24905e-07
1.641  2.24905e-07
1.64  2.24905e-07
1.639  2.29087e-07
1.638  2.29087e-07
1.637  2.29087e-07
1.636  2.29087e-07
1.635  2.29087e-07
1.634  2.29087e-07
1.633  2.29087e-07
1.632  2.33346e-07
1.631  2.33346e-07
1.63  2.33346e-07
1.629  2.33346e-07
1.628  2.33346e-07
1.627  2.33346e-07
1.626  2.33346e-07
1.625  2.33346e-07
1.624  2.33346e-07
1.623  2.33346e-07
1.622  2.33346e-07
1.621  2.33346e-07
1.62  2.33346e-07
1.619  2.33346e-07
1.618  2.33346e-07
1.617  2.33346e-07
1.616  2.33346e-07
1.615  2.33346e-07
1.614  2.33346e-07
1.613  2.33346e-07
1.612  2.33346e-07
1.611  2.33346e-07
1.61  2.33346e-07
1.609  2.33346e-07
1.608  2.33346e-07
1.607  2.33346e-07
1.606  2.33346e-07
1.605  2.33346e-07
1.604  2.33346e-07
1.603  2.33346e-07
1.602  2.33346e-07
1.601  2.33346e-07
1.6  2.33346e-07
1.599  2.33346e-07
1.598  2.33346e-07
1.597  2.33346e-07
1.596  2.33346e-07
1.595  2.33346e-07
1.594  2.33346e-07
1.593  2.33346e-07
1.592  2.33346e-07
1.591  2.33346e-07
1.59  2.37684e-07
1.589  2.37684e-07
1.588  2.37684e-07
1.587  2.37684e-07
1.586  2.37684e-07
1.585  2.37684e-07
1.584  2.37684e-07
1.583  2.37684e-07
1.582  2.37684e-07
1.581  2.37684e-07
1.58  2.37684e-07
1.579  2.37684e-07
1.578  2.37684e-07
1.577  2.37684e-07
1.576  2.37684e-07
1.575  2.37684e-07
1.574  2.37684e-07
1.573  2.37684e-07
1.572  2.37684e-07
1.571  2.37684e-07
1.57  2.37684e-07
1.569  2.37684e-07
1.568  2.37684e-07
1.567  2.37684e-07
1.566  2.37684e-07
1.565  2.37684e-07
1.564  2.37684e-07
1.563  2.37684e-07
1.562  2.37684e-07
1.561  2.37684e-07
1.56  2.37684e-07
1.559  2.37684e-07
1.558  2.37684e-07
1.557  2.37684e-07
1.556  2.37684e-07
1.555  2.37684e-07
1.554  2.37684e-07
1.553  2.37684e-07
1.552  2.37684e-07
1.551  2.37684e-07
1.55  2.37684e-07
1.549  2.37684e-07
1.548  2.42103e-07
1.547  2.42103e-07
1.546  2.42103e-07
1.545  2.42103e-07
1.544  2.42103e-07
1.543  2.42103e-07
1.542  2.42103e-07
1.541  2.42103e-07
1.54  2.42103e-07
1.539  2.42103e-07
1.538  2.42103e-07
1.537  2.42103e-07
1.536  2.42103e-07
1.535  2.42103e-07
1.534  2.42103e-07
1.533  2.42103e-07
1.532  2.42103e-07
1.531  2.42103e-07
1.53  2.42103e-07
1.529  2.42103e-07
1.528  2.42103e-07
1.527  2.42103e-07
1.526  2.42103e-07
1.525  2.42103e-07
1.524  2.42103e-07
1.523  2.42103e-07
1.522  2.42103e-07
1.521  2.42103e-07
1.52  2.42103e-07
1.519  2.42103e-07
1.518  2.42103e-07
1.517  2.42103e-07
1.516  2.42103e-07
1.515  2.42103e-07
1.514  2.42103e-07
1.513  2.42103e-07
1.512  2.42103e-07
1.511  2.42103e-07
1.51  2.42103e-07
1.509  2.42103e-07
1.508  2.42103e-07
1.507  2.46604e-07
1.506  2.46604e-07
1.505  2.46604e-07
1.504  2.46604e-07
1.503  2.46604e-07
1.502  2.42103e-07
1.501  2.42103e-07
1.5  2.42103e-07
1.499  2.46604e-07
1.498  2.46604e-07
1.497  2.46604e-07
1.496  2.46604e-07
1.495  2.46604e-07
1.494  2.46604e-07
1.493  2.46604e-07
1.492  2.46604e-07
1.491  2.46604e-07
1.49  2.46604e-07
1.489  2.46604e-07
1.488  2.46604e-07
1.487  2.46604e-07
1.486  2.46604e-07
1.485  2.46604e-07
1.484  2.46604e-07
1.483  2.46604e-07
1.482  2.46604e-07
1.481  2.46604e-07
1.48  2.46604e-07
1.479  2.51189e-07
1.478  2.51189e-07
1.477  2.51189e-07
1.476  2.51189e-07
1.475  2.51189e-07
1.474  2.51189e-07
1.473  2.51189e-07
1.472  2.51189e-07
1.471  2.51189e-07
1.47  2.51189e-07
1.469  2.51189e-07
1.468  2.51189e-07
1.467  2.51189e-07
1.466  2.55859e-07
1.465  2.55859e-07
1.464  2.55859e-07
1.463  2.55859e-07
1.462  2.55859e-07
1.461  2.55859e-07
1.46  2.55859e-07
1.459  2.55859e-07
1.458  2.55859e-07
1.457  2.55859e-07
1.456  2.55859e-07
1.455  2.60615e-07
1.454  2.60615e-07
1.453  2.60615e-07
1.452  2.60615e-07
1.451  2.60615e-07
1.45  2.60615e-07
1.449  2.60615e-07
1.448  2.60615e-07
1.447  2.60615e-07
1.446  2.60615e-07
1.445  2.60615e-07
1.444  2.60615e-07
1.443  2.60615e-07
1.442  2.60615e-07
1.441  2.60615e-07
1.44  2.65461e-07
1.439  2.65461e-07
1.438  2.65461e-07
1.437  2.65461e-07
1.436  2.65461e-07
1.435  2.65461e-07
1.434  2.65461e-07
1.433  2.65461e-07
1.432  2.65461e-07
1.431  2.65461e-07
1.43  2.65461e-07
1.429  2.65461e-07
1.428  2.65461e-07
1.427  2.65461e-07
1.426  2.65461e-07
1.425  2.65461e-07
1.424  2.65461e-07
1.423  2.65461e-07
1.422  2.65461e-07
1.421  2.65461e-07
1.42  2.65461e-07
1.419  2.65461e-07
1.418  2.65461e-07
1.417  2.65461e-07
1.416  2.65461e-07
1.415  2.65461e-07
1.414  2.65461e-07
1.413  2.65461e-07
1.412  2.65461e-07
1.411  2.65461e-07
1.41  2.65461e-07
1.409  2.65461e-07
1.408  2.65461e-07
1.407  2.65461e-07
1.406  2.65461e-07
1.405  2.65461e-07
1.404  2.65461e-07
1.403  2.65461e-07
1.402  2.65461e-07
1.401  2.60615e-07
1.4  2.60615e-07
1.399  2.60615e-07
1.398  2.65461e-07
1.397  2.65461e-07
1.396  2.65461e-07
1.395  2.60615e-07
1.394  2.65461e-07
1.393  2.65461e-07
1.392  2.65461e-07
1.391  2.65461e-07
1.39  2.65461e-07
1.389  2.65461e-07
1.388  2.65461e-07
1.387  2.65461e-07
1.386  2.65461e-07
1.385  2.65461e-07
1.384  2.65461e-07
1.383  2.65461e-07
1.382  2.65461e-07
1.381  2.65461e-07
1.38  2.65461e-07
1.379  2.70396e-07
1.378  2.70396e-07
1.377  2.70396e-07
1.376  2.70396e-07
1.375  2.70396e-07
1.374  2.70396e-07
1.373  2.70396e-07
1.372  2.70396e-07
1.371  2.70396e-07
1.37  2.70396e-07
1.369  2.70396e-07
1.368  2.70396e-07
1.367  2.70396e-07
1.366  2.70396e-07
1.365  2.70396e-07
1.364  2.75423e-07
1.363  2.75423e-07
1.362  2.75423e-07
1.361  2.70396e-07
1.36  2.70396e-07
1.359  2.70396e-07
1.358  2.70396e-07
1.357  2.70396e-07
1.356  2.70396e-07
1.355  2.70396e-07
1.354  2.70396e-07
1.353  2.70396e-07
1.352  2.70396e-07
1.351  2.70396e-07
1.35  2.70396e-07
1.349  2.75423e-07
1.348  2.75423e-07
1.347  2.75423e-07
1.346  2.80543e-07
1.345  2.75423e-07
1.344  2.75423e-07
1.343  2.75423e-07
1.342  2.75423e-07
1.341  2.75423e-07
1.34  2.75423e-07
1.339  2.75423e-07
1.338  2.80543e-07
1.337  2.80543e-07
1.336  2.80543e-07
1.335  2.80543e-07
1.334  2.80543e-07
1.333  2.80543e-07
1.332  2.80543e-07
1.331  2.80543e-07
1.33  2.80543e-07
1.329  2.80543e-07
1.328  2.85759e-07
1.327  2.85759e-07
1.326  2.85759e-07
1.325  2.85759e-07
1.324  2.85759e-07
1.323  2.85759e-07
1.322  2.85759e-07
1.321  2.80543e-07
1.32  2.80543e-07
1.319  2.80543e-07
1.318  2.80543e-07
1.317  2.85759e-07
1.316  2.85759e-07
1.315  2.85759e-07
1.314  2.85759e-07
1.313  2.85759e-07
1.312  2.85759e-07
1.311  2.85759e-07
1.31  2.85759e-07
1.309  2.85759e-07
1.308  2.85759e-07
1.307  2.85759e-07
1.306  2.85759e-07
1.305  2.85759e-07
1.304  2.85759e-07
1.303  2.85759e-07
1.302  2.85759e-07
1.301  2.85759e-07
1.3  2.85759e-07
1.299  2.85759e-07
1.298  2.85759e-07
1.297  2.91072e-07
1.296  2.91072e-07
1.295  2.91072e-07
1.294  2.91072e-07
1.293  2.91072e-07
1.292  2.91072e-07
1.291  2.91072e-07
1.29  2.91072e-07
1.289  2.91072e-07
1.288  2.91072e-07
1.287  2.91072e-07
1.286  2.91072e-07
1.285  2.91072e-07
1.284  2.91072e-07
1.283  2.91072e-07
1.282  2.91072e-07
1.281  2.91072e-07
1.28  2.91072e-07
1.279  2.91072e-07
1.278  2.96483e-07
1.277  2.96483e-07
1.276  2.96483e-07
1.275  2.96483e-07
1.274  2.96483e-07
1.273  2.96483e-07
1.272  2.96483e-07
1.271  2.91072e-07
1.27  2.91072e-07
1.269  2.91072e-07
1.268  2.96483e-07
1.267  2.96483e-07
1.266  2.96483e-07
1.265  2.96483e-07
1.264  2.96483e-07
1.263  2.96483e-07
1.262  2.96483e-07
1.261  2.96483e-07
1.26  2.96483e-07
1.259  2.96483e-07
1.258  2.96483e-07
1.257  2.96483e-07
1.256  2.96483e-07
1.255  2.96483e-07
1.254  2.96483e-07
1.253  2.96483e-07
1.252  2.96483e-07
1.251  2.96483e-07
1.25  2.96483e-07
1.249  3.01995e-07
1.248  3.01995e-07
1.247  3.01995e-07
1.246  3.01995e-07
1.245  3.01995e-07
1.244  3.01995e-07
1.243  3.01995e-07
1.242  3.01995e-07
1.241  3.01995e-07
1.24  3.01995e-07
1.239  2.96483e-07
1.238  2.96483e-07
1.237  2.96483e-07
1.236  3.01995e-07
1.235  3.01995e-07
1.234  3.01995e-07
1.233  3.01995e-07
1.232  3.01995e-07
1.231  3.01995e-07
1.23  3.01995e-07
1.229  3.01995e-07
1.228  3.0761e-07
1.227  3.0761e-07
1.226  3.0761e-07
1.225  3.0761e-07
1.224  3.0761e-07
1.223  3.0761e-07
1.222  3.0761e-07
1.221  3.0761e-07
1.22  3.0761e-07
1.219  3.0761e-07
1.218  3.0761e-07
1.217  3.13329e-07
1.216  3.13329e-07
1.215  3.13329e-07
1.214  3.13329e-07
1.213  3.0761e-07
1.212  3.0761e-07
1.211  3.0761e-07
1.21  3.0761e-07
1.209  3.0761e-07
1.208  3.0761e-07
1.207  3.0761e-07
1.206  3.0761e-07
1.205  3.0761e-07
1.204  3.0761e-07
1.203  3.0761e-07
1.202  3.0761e-07
1.201  3.0761e-07
1.2  3.13329e-07
1.199  3.13329e-07
1.198  3.13329e-07
1.197  3.13329e-07
1.196  3.13329e-07
1.195  3.13329e-07
1.194  3.13329e-07
1.193  3.13329e-07
1.192  3.13329e-07
1.191  3.13329e-07
1.19  3.13329e-07
1.189  3.13329e-07
1.188  3.13329e-07
1.187  3.13329e-07
1.186  3.13329e-07
1.185  3.13329e-07
1.184  3.13329e-07
1.183  3.13329e-07
1.182  3.13329e-07
1.181  3.13329e-07
1.18  3.13329e-07
1.179  3.13329e-07
1.178  3.13329e-07
1.177  3.13329e-07
1.176  3.13329e-07
1.175  3.13329e-07
1.174  3.13329e-07
1.173  3.13329e-07
1.172  3.13329e-07
1.171  3.13329e-07
1.17  3.13329e-07
1.169  3.13329e-07
1.168  3.19154e-07
1.167  3.19154e-07
1.166  3.19154e-07
1.165  3.19154e-07
1.164  3.19154e-07
1.163  3.19154e-07
1.162  3.19154e-07
1.161  3.19154e-07
1.16  3.19154e-07
1.159  3.19154e-07
1.158  3.19154e-07
1.157  3.19154e-07
1.156  3.19154e-07
1.155  3.19154e-07
1.154  3.19154e-07
1.153  3.19154e-07
1.152  3.19154e-07
1.151  3.19154e-07
1.15  3.19154e-07
1.149  3.19154e-07
1.148  3.19154e-07
1.147  3.19154e-07
1.146  3.19154e-07
1.145  3.19154e-07
1.144  3.19154e-07
1.143  3.19154e-07
1.142  3.19154e-07
1.141  3.19154e-07
1.14  3.19154e-07
1.139  3.19154e-07
1.138  3.25087e-07
1.137  3.25087e-07
1.136  3.25087e-07
1.135  3.25087e-07
1.134  3.25087e-07
1.133  3.25087e-07
1.132  3.25087e-07
1.131  3.25087e-07
1.13  3.25087e-07
1.129  3.25087e-07
1.128  3.25087e-07
1.127  3.31131e-07
1.126  3.25087e-07
1.125  3.25087e-07
1.124  3.25087e-07
1.123  3.25087e-07
1.122  3.25087e-07
1.121  3.25087e-07
1.12  3.25087e-07
1.119  3.25087e-07
1.118  3.31131e-07
1.117  3.31131e-07
1.116  3.31131e-07
1.115  3.31131e-07
1.114  3.31131e-07
1.113  3.31131e-07
1.112  3.31131e-07
1.111  3.31131e-07
1.11  3.25087e-07
1.109  3.25087e-07
1.108  3.25087e-07
1.107  3.25087e-07
1.106  3.25087e-07
1.105  3.25087e-07
1.104  3.25087e-07
1.103  3.25087e-07
1.102  3.25087e-07
1.101  3.25087e-07
1.1  3.31131e-07
1.099  3.25087e-07
1.098  3.25087e-07
1.097  3.25087e-07
1.096  3.25087e-07
1.095  3.25087e-07
1.094  3.25087e-07
1.093  3.25087e-07
1.092  3.25087e-07
1.091  3.25087e-07
1.09  3.25087e-07
1.089  3.25087e-07
1.088  3.25087e-07
1.087  3.25087e-07
1.086  3.25087e-07
1.085  3.25087e-07
1.084  3.25087e-07
1.083  3.25087e-07
1.082  3.25087e-07
1.081  3.25087e-07
1.08  3.25087e-07
1.079  3.19154e-07
1.078  3.19154e-07
1.077  3.19154e-07
1.076  3.19154e-07
1.075  3.19154e-07
1.074  3.19154e-07
1.073  3.19154e-07
1.072  3.19154e-07
1.071  3.19154e-07
1.07  3.19154e-07
1.069  3.25087e-07
1.068  3.25087e-07
1.067  3.25087e-07
1.066  3.25087e-07
1.065  3.25087e-07
1.064  3.25087e-07
1.063  3.25087e-07
1.062  3.25087e-07
1.061  3.25087e-07
1.06  3.25087e-07
1.059  3.25087e-07
1.058  3.19154e-07
1.057  3.19154e-07
1.056  3.19154e-07
1.055  3.19154e-07
1.054  3.25087e-07
1.053  3.25087e-07
1.052  3.19154e-07
1.051  3.19154e-07
1.05  3.19154e-07
1.049  3.19154e-07
1.048  3.19154e-07
1.047  3.13329e-07
1.046  3.13329e-07
1.045  3.13329e-07
1.044  3.13329e-07
1.043  3.13329e-07
1.042  3.0761e-07
1.041  3.0761e-07
1.04  3.0761e-07
1.039  3.0761e-07
1.038  3.01995e-07
1.037  3.01995e-07
1.036  3.01995e-07
1.035  2.96483e-07
1.034  2.96483e-07
1.033  2.91072e-07
1.032  2.85759e-07
1.031  2.85759e-07
1.03  2.85759e-07
1.029  2.80543e-07
1.028  2.80543e-07
1.027  2.75423e-07
1.026  2.80543e-07
1.025  2.91072e-07
1.024  3.19154e-07
1.015  2.96483e-07
1.014  2.80543e-07
1.013  2.80543e-07
1.012  2.80543e-07
1.011  2.91072e-07
1.01  2.96483e-07
1.009  3.01995e-07
1.008  3.0761e-07
1.007  3.19154e-07
1.006  3.19154e-07
1.005  3.25087e-07
1.004  3.25087e-07
1.003  3.31131e-07
1.002  3.31131e-07
1.001  3.31131e-07
1  3.31131e-07
0.999  3.31131e-07
0.998  3.31131e-07
0.997  3.37287e-07
0.996  3.37287e-07
0.995  3.37287e-07
0.994  3.43558e-07
0.993  3.43558e-07
0.992  3.43558e-07
0.991  3.43558e-07
0.99  3.43558e-07
0.989  3.43558e-07
0.988  3.43558e-07
0.987  3.49945e-07
0.986  3.49945e-07
0.985  3.56451e-07
0.984  3.56451e-07
0.983  3.49945e-07
0.982  3.49945e-07
0.981  3.43558e-07
0.98  3.43558e-07
0.979  3.43558e-07
0.978  3.43558e-07
0.977  3.43558e-07
0.976  3.43558e-07
0.975  3.43558e-07
0.974  3.43558e-07
0.973  3.43558e-07
0.972  3.43558e-07
0.971  3.43558e-07
0.97  3.43558e-07
0.969  3.43558e-07
0.968  3.43558e-07
0.967  3.43558e-07
0.966  3.49945e-07
0.965  3.49945e-07
0.964  3.49945e-07
0.963  3.49945e-07
0.962  3.43558e-07
0.961  3.43558e-07
0.96  3.43558e-07
0.959  3.43558e-07
0.958  3.43558e-07
0.957  3.43558e-07
0.956  3.49945e-07
0.955  3.49945e-07
0.954  3.43558e-07
0.953  3.43558e-07
0.952  3.43558e-07
0.951  3.43558e-07
0.95  3.43558e-07
0.949  3.43558e-07
0.948  3.49945e-07
0.947  3.49945e-07
0.946  3.43558e-07
0.945  3.43558e-07
0.944  3.43558e-07
0.943  3.43558e-07
0.942  3.43558e-07
0.941  3.43558e-07
0.94  3.43558e-07
0.939  3.43558e-07
0.938  3.43558e-07
0.937  3.43558e-07
0.936  3.43558e-07
0.935  3.43558e-07
0.934  3.43558e-07
0.933  3.43558e-07
0.932  3.43558e-07
0.931  3.43558e-07
0.93  3.37287e-07
0.929  3.43558e-07
0.928  3.43558e-07
0.927  3.43558e-07
0.926  3.43558e-07
0.925  3.37287e-07
0.924  3.37287e-07
0.923  3.37287e-07
0.922  3.37287e-07
0.921  3.37287e-07
0.92  3.37287e-07
0.919  3.37287e-07
0.918  3.37287e-07
0.917  3.37287e-07
0.916  3.37287e-07
0.915  3.37287e-07
0.914  3.37287e-07
0.913  3.37287e-07
0.912  3.37287e-07
0.911  3.37287e-07
0.91  3.37287e-07
0.909  3.37287e-07
0.908  3.37287e-07
0.907  3.37287e-07
0.906  3.37287e-07
0.905  3.37287e-07
0.904  3.37287e-07
0.903  3.37287e-07
0.902  3.37287e-07
0.901  3.37287e-07
0.9  3.31131e-07
0.899  3.37287e-07
0.898  3.37287e-07
0.897  3.31131e-07
0.896  3.31131e-07
0.895  3.31131e-07
0.894  3.31131e-07
0.893  3.31131e-07
0.892  3.31131e-07
0.891  3.31131e-07
0.89  3.31131e-07
0.889  3.31131e-07
0.888  3.31131e-07
0.887  3.31131e-07
0.886  3.31131e-07
0.885  3.31131e-07
0.884  3.31131e-07
0.883  3.31131e-07
0.882  3.25087e-07
0.881  3.25087e-07
0.88  3.25087e-07
0.879  3.25087e-07
0.878  3.25087e-07
0.877  3.25087e-07
0.876  3.25087e-07
0.875  3.25087e-07
0.874  3.25087e-07
0.873  3.25087e-07
0.872  3.25087e-07
0.871  3.25087e-07
0.87  3.25087e-07
0.869  3.25087e-07
0.868  3.25087e-07
0.867  3.19154e-07
0.866  3.19154e-07
0.865  3.19154e-07
0.864  3.19154e-07
0.863  3.19154e-07
0.862  3.19154e-07
0.861  3.19154e-07
0.86  3.19154e-07
0.859  3.19154e-07
0.858  3.19154e-07
0.857  3.19154e-07
0.856  3.25087e-07
0.855  3.25087e-07
0.854  3.25087e-07
0.853  3.25087e-07
0.852  3.25087e-07
0.851  3.25087e-07
0.85  3.25087e-07
0.849  3.25087e-07
0.848  3.19154e-07
0.847  3.19154e-07
0.846  3.19154e-07
0.845  3.19154e-07
0.844  3.19154e-07
0.843  3.19154e-07
0.842  3.19154e-07
0.841  3.19154e-07
0.84  3.19154e-07
0.839  3.19154e-07
0.838  3.19154e-07
0.837  3.19154e-07
0.836  3.19154e-07
0.835  3.19154e-07
0.834  3.19154e-07
0.833  3.19154e-07
0.832  3.19154e-07
0.831  3.19154e-07
0.83  3.19154e-07
0.829  3.19154e-07
0.828  3.19154e-07
0.827  3.19154e-07
0.826  3.19154e-07
0.825  3.19154e-07
0.824  3.19154e-07
0.823  3.19154e-07
0.822  3.19154e-07
0.821  3.19154e-07
0.82  3.19154e-07
0.819  3.19154e-07
0.818  3.19154e-07
0.817  3.19154e-07
0.816  3.19154e-07
0.815  3.19154e-07
0.814  3.19154e-07
0.813  3.19154e-07
0.812  3.19154e-07
0.811  3.19154e-07
0.81  3.19154e-07
0.809  3.19154e-07
0.808  3.25087e-07
0.807  3.25087e-07
0.806  3.25087e-07
0.805  3.25087e-07
0.804  3.25087e-07
0.803  3.25087e-07
0.802  3.25087e-07
0.801  3.25087e-07
0.8  3.25087e-07
0.799  3.25087e-07
0.798  3.25087e-07
0.797  3.31131e-07
0.796  3.31131e-07
0.795  3.31131e-07
0.794  3.37287e-07
0.793  3.37287e-07
0.792  3.43558e-07
0.791  3.56451e-07
0.79  3.56451e-07
0.773  4.20727e-07
0.772  4.05509e-07
0.771  3.90841e-07
0.77  3.76704e-07
0.769  3.69828e-07
0.768  3.69828e-07
0.767  3.69828e-07
0.766  3.69828e-07
0.765  3.69828e-07
0.764  3.63078e-07
0.763  3.63078e-07
0.762  3.63078e-07
0.761  3.63078e-07
0.76  3.63078e-07
0.759  3.56451e-07
0.758  3.56451e-07
0.757  3.56451e-07
0.756  3.56451e-07
0.755  3.56451e-07
0.754  3.56451e-07
0.753  3.63078e-07
0.752  3.63078e-07
0.751  3.63078e-07
0.75  3.56451e-07
0.749  3.56451e-07
0.748  3.49945e-07
0.747  3.49945e-07
0.746  3.49945e-07
0.745  3.49945e-07
0.744  3.49945e-07
0.743  3.49945e-07
0.742  3.49945e-07
0.741  3.49945e-07
0.74  3.69828e-07
0.739  3.63078e-07
0.738  3.49945e-07
0.737  3.49945e-07
0.736  3.49945e-07
0.735  3.49945e-07
0.734  3.49945e-07
0.733  3.49945e-07
0.732  3.49945e-07
0.731  3.49945e-07
0.73  3.49945e-07
0.729  3.49945e-07
0.728  3.49945e-07
0.727  3.49945e-07
0.726  3.49945e-07
0.725  3.49945e-07
0.724  3.49945e-07
0.723  3.49945e-07
0.722  3.49945e-07
0.721  3.49945e-07
0.72  3.49945e-07
0.719  3.49945e-07
0.718  3.49945e-07
0.717  3.49945e-07
0.716  3.49945e-07
0.715  3.49945e-07
0.714  3.49945e-07
0.713  3.49945e-07
0.712  3.49945e-07
0.711  3.49945e-07
0.71  3.49945e-07
0.709  3.49945e-07
0.708  3.49945e-07
0.707  3.49945e-07
0.706  3.49945e-07
0.705  3.49945e-07
0.704  3.49945e-07
0.703  3.49945e-07
0.702  3.49945e-07
0.701  3.49945e-07
0.7  3.56451e-07
0.699  3.56451e-07
0.698  3.56451e-07
0.697  3.56451e-07
0.696  3.56451e-07
0.695  3.56451e-07
0.694  3.56451e-07
0.693  3.56451e-07
0.692  3.56451e-07
0.691  3.56451e-07
0.69  3.56451e-07
0.689  3.63078e-07
0.688  3.63078e-07
0.687  3.63078e-07
0.686  3.63078e-07
0.685  3.63078e-07
0.684  3.63078e-07
0.683  3.63078e-07
0.682  3.63078e-07
0.681  3.63078e-07
0.68  3.63078e-07
0.679  3.63078e-07
0.678  3.69828e-07
0.677  3.69828e-07
0.676  3.69828e-07
0.675  3.69828e-07
0.674  3.69828e-07
0.673  3.69828e-07
0.672  3.69828e-07
0.671  3.76704e-07
0.67  3.76704e-07
0.669  3.76704e-07
0.668  3.76704e-07
0.667  3.76704e-07
0.666  3.76704e-07
0.665  3.76704e-07
0.664  3.76704e-07
0.663  3.83707e-07
0.662  3.83707e-07
0.661  3.83707e-07
0.66  3.83707e-07
0.659  3.83707e-07
0.658  3.83707e-07
0.657  3.83707e-07
0.656  3.83707e-07
0.655  3.90841e-07
0.654  3.90841e-07
0.653  3.90841e-07
0.652  3.90841e-07
0.651  3.90841e-07
0.65  3.90841e-07
0.649  3.90841e-07
0.648  3.90841e-07
0.647  3.90841e-07
0.646  3.90841e-07
0.645  3.90841e-07
0.644  3.98107e-07
0.643  3.98107e-07
0.642  3.98107e-07
0.641  3.98107e-07
0.64  4.05509e-07
0.639  4.05509e-07
0.638  4.05509e-07
0.637  4.05509e-07
0.636  4.05509e-07
0.635  4.05509e-07
0.634  4.05509e-07
0.633  4.05509e-07
0.632  4.05509e-07
0.631  4.05509e-07
0.63  4.13048e-07
0.629  4.13048e-07
0.628  4.13048e-07
0.627  4.13048e-07
0.626  4.13048e-07
0.625  4.13048e-07
0.624  4.13048e-07
0.623  4.13048e-07
0.622  4.13048e-07
0.621  4.13048e-07
0.62  4.28549e-07
0.619  4.28549e-07
0.618  4.28549e-07
0.617  4.28549e-07
0.616  4.28549e-07
0.615  4.28549e-07
0.614  4.28549e-07
0.613  4.36516e-07
0.612  4.36516e-07
0.611  4.36516e-07
0.61  4.36516e-07
0.609  4.36516e-07
0.608  4.36516e-07
0.607  4.36516e-07
0.606  4.36516e-07
0.605  4.36516e-07
0.604  4.36516e-07
0.603  4.36516e-07
0.602  4.44631e-07
0.601  4.44631e-07
0.6  4.52898e-07
0.599  4.52898e-07
0.598  4.52898e-07
0.597  4.52898e-07
0.596  4.52898e-07
0.595  4.52898e-07
0.594  4.52898e-07
0.593  4.61318e-07
0.592  4.61318e-07
0.591  4.61318e-07
0.59  4.61318e-07
0.589  4.61318e-07
0.588  4.69894e-07
0.587  4.69894e-07
0.586  4.69894e-07
0.585  4.69894e-07
0.584  4.69894e-07
0.583  4.69894e-07
0.582  4.7863e-07
0.581  4.7863e-07
0.58  4.7863e-07
0.579  4.7863e-07
0.578  4.7863e-07
0.577  4.7863e-07
0.576  4.7863e-07
0.575  4.87528e-07
0.574  4.87528e-07
0.573  4.87528e-07
0.572  4.87528e-07
0.571  4.87528e-07
0.57  4.87528e-07
0.569  4.87528e-07
0.568  4.96592e-07
0.567  4.96592e-07
0.566  4.96592e-07
0.565  4.96592e-07
0.564  4.96592e-07
0.563  4.96592e-07
0.562  4.96592e-07
0.561  4.96592e-07
0.56  5.05825e-07
0.559  5.05825e-07
0.558  5.05825e-07
0.557  5.05825e-07
0.556  5.05825e-07
0.555  5.05825e-07
0.554  5.05825e-07
0.553  5.15229e-07
0.552  5.15229e-07
0.551  5.15229e-07
0.55  5.15229e-07
0.549  5.15229e-07
0.548  5.15229e-07
0.547  5.15229e-07
0.546  5.15229e-07
0.545  5.15229e-07
0.544  5.24807e-07
0.543  5.24807e-07
0.542  5.24807e-07
0.541  5.24807e-07
0.54  5.24807e-07
0.539  5.24807e-07
0.538  5.24807e-07
0.537  5.24807e-07
0.536  5.34564e-07
0.535  5.34564e-07
0.534  5.34564e-07
0.533  5.34564e-07
0.532  5.34564e-07
0.531  5.34564e-07
0.53  5.34564e-07
0.529  5.44503e-07
0.528  5.44503e-07
0.527  5.44503e-07
0.526  5.44503e-07
0.525  5.54626e-07
0.524  5.54626e-07
0.523  5.54626e-07
0.522  5.54626e-07
0.521  5.54626e-07
0.52  5.64937e-07
0.519  5.64937e-07
0.518  5.64937e-07
0.517  5.64937e-07
0.516  5.64937e-07
0.515  5.64937e-07
0.514  5.64937e-07
0.513  5.64937e-07
0.512  5.64937e-07
0.511  5.64937e-07
0.51  5.64937e-07
0.509  5.7544e-07
0.508  5.7544e-07
0.507  5.7544e-07
0.506  5.7544e-07
0.505  5.7544e-07
0.504  5.7544e-07
0.503  5.7544e-07
0.502  5.86138e-07
0.501  5.86138e-07
0.5  5.86138e-07
0.499  5.86138e-07
0.498  5.86138e-07
0.497  5.86138e-07
0.496  5.97035e-07
0.495  5.97035e-07
0.494  5.97035e-07
0.493  5.97035e-07
0.492  5.97035e-07
0.491  5.97035e-07
0.49  5.97035e-07
0.489  5.97035e-07
0.488  6.08135e-07
0.487  6.08135e-07
0.486  6.08135e-07
0.485  6.08135e-07
0.484  6.08135e-07
0.483  6.08135e-07
0.482  6.08135e-07
0.481  6.19441e-07
0.48  6.19441e-07
0.479  6.19441e-07
0.478  6.19441e-07
0.477  6.19441e-07
0.476  6.30957e-07
0.475  6.30957e-07
0.474  6.30957e-07
0.473  6.30957e-07
0.472  6.30957e-07
0.471  6.42688e-07
0.47  6.42688e-07
0.469  6.42688e-07
0.468  6.42688e-07
0.467  6.42688e-07
0.466  6.54636e-07
0.465  6.54636e-07
0.464  6.54636e-07
0.463  6.54636e-07
0.462  6.54636e-07
0.461  6.66807e-07
0.46  6.66807e-07
0.459  6.66807e-07
0.458  6.66807e-07
0.457  6.66807e-07
0.456  6.66807e-07
0.455  6.66807e-07
0.454  6.66807e-07
0.453  6.66807e-07
0.452  6.66807e-07
0.451  6.66807e-07
0.45  6.66807e-07
0.449  6.66807e-07
0.448  6.79204e-07
0.447  6.79204e-07
0.446  6.79204e-07
0.445  6.79204e-07
0.444  6.79204e-07
0.443  6.79204e-07
0.442  6.91831e-07
0.441  6.91831e-07
0.44  6.91831e-07
0.439  6.91831e-07
0.438  6.79204e-07
0.437  6.79204e-07
0.436  6.91831e-07
0.435  6.91831e-07
0.434  6.91831e-07
0.433  6.91831e-07
0.432  6.91831e-07
0.431  7.04693e-07
0.43  7.04693e-07
0.429  7.04693e-07
0.428  7.04693e-07
0.427  7.17794e-07
0.426  7.17794e-07
0.425  7.17794e-07
0.424  7.17794e-07
0.423  7.17794e-07
0.422  7.31139e-07
0.421  7.31139e-07
0.42  7.31139e-07
0.419  7.31139e-07
0.418  7.31139e-07
0.417  7.31139e-07
0.416  7.44732e-07
0.415  7.44732e-07
0.414  7.44732e-07
0.413  7.44732e-07
0.412  7.44732e-07
0.411  7.44732e-07
0.41  7.44732e-07
0.409  7.44732e-07
0.408  7.44732e-07
0.407  7.58578e-07
0.406  7.58578e-07
0.405  7.58578e-07
0.404  7.58578e-07
0.403  7.58578e-07
0.402  7.72681e-07
0.401  7.72681e-07
0.4  7.72681e-07
0.399  7.72681e-07
0.398  7.72681e-07
0.397  7.87046e-07
0.396  7.87046e-07
0.395  7.87046e-07
0.394  7.87046e-07
0.393  7.87046e-07
0.392  7.87046e-07
0.391  8.01678e-07
0.39  8.01678e-07
0.389  8.01678e-07
0.388  8.01678e-07
0.387  8.01678e-07
0.386  8.01678e-07
0.385  8.01678e-07
0.384  8.01678e-07
0.383  8.01678e-07
0.382  8.01678e-07
0.381  8.01678e-07
0.38  8.01678e-07
0.379  8.16582e-07
0.378  8.16582e-07
0.377  8.16582e-07
0.376  8.16582e-07
0.375  8.16582e-07
0.374  8.31764e-07
0.373  8.31764e-07
0.372  8.31764e-07
0.371  8.31764e-07
0.37  8.31764e-07
0.369  8.47227e-07
0.368  8.47227e-07
0.367  8.47227e-07
0.366  8.47227e-07
0.365  8.47227e-07
0.364  8.62979e-07
0.363  8.62979e-07
0.362  8.62979e-07
0.361  8.62979e-07
0.36  8.62979e-07
0.359  8.62979e-07
0.358  8.62979e-07
0.357  8.79023e-07
0.356  8.79023e-07
0.355  8.79023e-07
0.354  8.79023e-07
0.353  8.79023e-07
0.352  8.79023e-07
0.351  8.79023e-07
0.35  8.95365e-07
0.349  8.95365e-07
0.348  8.95365e-07
0.347  8.95365e-07
0.346  8.95365e-07
0.345  8.95365e-07
0.344  9.12011e-07
0.343  9.12011e-07
0.342  9.12011e-07
0.341  9.12011e-07
0.34  9.12011e-07
0.339  9.12011e-07
0.338  9.28966e-07
0.337  9.28966e-07
0.336  9.28966e-07
0.335  9.28966e-07
0.334  9.28966e-07
0.333  9.46237e-07
0.332  9.46237e-07
0.331  9.46237e-07
0.33  9.46237e-07
0.329  9.46237e-07
0.328  9.46237e-07
0.327  9.63829e-07
0.326  9.63829e-07
0.325  9.63829e-07
0.324  9.63829e-07
0.323  9.63829e-07
0.322  9.81748e-07
0.321  9.81748e-07
0.32  9.81748e-07
0.319  9.81748e-07
0.318  9.81748e-07
0.317  1e-06
0.316  1e-06
0.315  1e-06
0.314  1e-06
0.313  1e-06
0.312  1.01859e-06
0.311  1.01859e-06
0.31  1.01859e-06
0.309  1.01859e-06
0.308  1.01859e-06
0.307  1.03753e-06
0.306  1.03753e-06
0.305  1.03753e-06
0.304  1.03753e-06
0.303  1.05682e-06
0.302  1.05682e-06
0.301  1.05682e-06
0.3  1.05682e-06
0.299  1.05682e-06
0.298  1.07647e-06
0.297  1.07647e-06
0.296  1.07647e-06
0.295  1.07647e-06
0.294  1.09648e-06
0.293  1.09648e-06
0.292  1.09648e-06
0.291  1.09648e-06
0.29  1.11686e-06
0.289  1.11686e-06
0.288  1.11686e-06
0.287  1.13763e-06
0.286  1.13763e-06
0.285  1.13763e-06
0.284  1.13763e-06
0.283  1.15878e-06
0.282  1.15878e-06
0.281  1.15878e-06
0.28  1.18032e-06
0.279  1.18032e-06
0.278  1.18032e-06
0.277  1.20226e-06
0.276  1.20226e-06
0.275  1.20226e-06
0.274  1.22462e-06
0.273  1.22462e-06
0.272  1.22462e-06
0.271  1.24738e-06
0.27  1.24738e-06
0.269  1.24738e-06
0.268  1.27057e-06
0.267  1.27057e-06
0.266  1.2942e-06
0.265  1.2942e-06
0.264  1.31826e-06
0.263  1.31826e-06
0.262  1.34276e-06
0.261  1.34276e-06
0.26  1.36773e-06
0.259  1.36773e-06
0.258  1.39316e-06
0.257  1.39316e-06
0.256  1.41906e-06
0.255  1.41906e-06
0.254  1.44544e-06
0.253  1.44544e-06
0.252  1.47231e-06
0.251  1.49968e-06
0.251  2.91072e-06
