0.434  1.47231e-06
0.435  1.47231e-06
0.436  1.49968e-06
0.437  1.49968e-06
0.438  1.52757e-06
0.439  1.47231e-06
0.441  1.44544e-06
0.442  1.47231e-06
0.443  1.47231e-06
0.444  1.47231e-06
0.445  1.49968e-06
0.446  1.52757e-06
0.447  1.55597e-06
0.448  1.55597e-06
0.449  1.55597e-06
0.45  1.55597e-06
0.451  1.55597e-06
0.452  1.55597e-06
0.453  1.55597e-06
0.454  1.55597e-06
0.455  1.55597e-06
0.456  1.55597e-06
0.457  1.55597e-06
0.458  1.55597e-06
0.459  1.55597e-06
0.46  1.55597e-06
0.461  1.55597e-06
0.462  1.55597e-06
0.463  1.55597e-06
0.464  1.58489e-06
0.465  1.58489e-06
0.466  1.58489e-06
0.467  1.58489e-06
0.468  1.58489e-06
0.469  1.58489e-06
0.47  1.58489e-06
0.471  1.58489e-06
0.472  1.58489e-06
0.473  1.58489e-06
0.474  1.58489e-06
0.475  1.58489e-06
0.476  1.58489e-06
0.477  1.58489e-06
0.478  1.58489e-06
0.479  1.58489e-06
0.48  1.58489e-06
0.481  1.58489e-06
0.482  1.58489e-06
0.483  1.58489e-06
0.484  1.58489e-06
0.485  1.58489e-06
0.486  1.58489e-06
0.487  1.58489e-06
0.488  1.58489e-06
0.489  1.58489e-06
0.49  1.58489e-06
0.491  1.58489e-06
0.492  1.58489e-06
0.493  1.58489e-06
0.494  1.58489e-06
0.495  1.58489e-06
0.496  1.58489e-06
0.497  1.58489e-06
0.498  1.58489e-06
0.499  1.58489e-06
0.5  1.58489e-06
0.501  1.58489e-06
0.502  1.58489e-06
0.503  1.58489e-06
0.504  1.58489e-06
0.505  1.55597e-06
0.506  1.55597e-06
0.507  1.55597e-06
0.508  1.55597e-06
0.509  1.55597e-06
0.51  1.55597e-06
0.511  1.55597e-06
0.512  1.55597e-06
0.513  1.55597e-06
0.514  1.55597e-06
0.515  1.55597e-06
0.516  1.55597e-06
0.517  1.55597e-06
0.518  1.55597e-06
0.519  1.55597e-06
0.52  1.55597e-06
0.521  1.55597e-06
0.522  1.55597e-06
0.523  1.55597e-06
0.524  1.55597e-06
0.525  1.55597e-06
0.526  1.55597e-06
0.527  1.55597e-06
0.528  1.55597e-06
0.529  1.55597e-06
0.53  1.55597e-06
0.531  1.55597e-06
0.532  1.55597e-06
0.533  1.55597e-06
0.534  1.52757e-06
0.535  1.52757e-06
0.536  1.52757e-06
0.537  1.52757e-06
0.538  1.52757e-06
0.539  1.52757e-06
0.54  1.52757e-06
0.541  1.52757e-06
0.542  1.52757e-06
0.543  1.52757e-06
0.544  1.52757e-06
0.545  1.52757e-06
0.546  1.52757e-06
0.547  1.52757e-06
0.548  1.52757e-06
0.549  1.52757e-06
0.55  1.49968e-06
0.551  1.49968e-06
0.552  1.49968e-06
0.553  1.49968e-06
0.554  1.49968e-06
0.555  1.49968e-06
0.556  1.49968e-06
0.557  1.49968e-06
0.558  1.49968e-06
0.559  1.49968e-06
0.56  1.49968e-06
0.561  1.49968e-06
0.562  1.49968e-06
0.563  1.47231e-06
0.564  1.47231e-06
0.565  1.47231e-06
0.566  1.47231e-06
0.567  1.47231e-06
0.568  1.47231e-06
0.569  1.47231e-06
0.57  1.47231e-06
0.571  1.47231e-06
0.572  1.47231e-06
0.573  1.44544e-06
0.574  1.44544e-06
0.575  1.44544e-06
0.576  1.44544e-06
0.577  1.44544e-06
0.578  1.44544e-06
0.579  1.44544e-06
0.58  1.44544e-06
0.581  1.44544e-06
0.582  1.41906e-06
0.583  1.41906e-06
0.584  1.41906e-06
0.585  1.41906e-06
0.586  1.41906e-06
0.587  1.41906e-06
0.588  1.39316e-06
0.589  1.39316e-06
0.59  1.39316e-06
0.591  1.39316e-06
0.592  1.39316e-06
0.593  1.36773e-06
0.594  1.36773e-06
0.595  1.36773e-06
0.596  1.36773e-06
0.597  1.36773e-06
0.598  1.36773e-06
0.599  1.34276e-06
0.6  1.34276e-06
0.601  1.31826e-06
0.602  1.31826e-06
0.603  1.2942e-06
0.604  1.2942e-06
0.605  1.2942e-06
0.606  1.2942e-06
0.607  1.2942e-06
0.608  1.2942e-06
0.609  1.2942e-06
0.61  1.2942e-06
0.611  1.2942e-06
0.612  1.2942e-06
0.613  1.2942e-06
0.614  1.27057e-06
0.615  1.27057e-06
0.616  1.27057e-06
0.617  1.27057e-06
0.618  1.27057e-06
0.619  1.24738e-06
0.62  1.24738e-06
0.621  1.18032e-06
0.622  1.18032e-06
0.623  1.18032e-06
0.624  1.18032e-06
0.625  1.18032e-06
0.626  1.18032e-06
0.627  1.18032e-06
0.628  1.18032e-06
0.629  1.18032e-06
0.63  1.18032e-06
0.631  1.11686e-06
0.632  1.11686e-06
0.633  1.13763e-06
0.634  1.13763e-06
0.635  1.13763e-06
0.636  1.13763e-06
0.637  1.15878e-06
0.638  1.15878e-06
0.639  1.15878e-06
0.64  1.18032e-06
0.641  1.09648e-06
0.642  1.07647e-06
0.643  1.05682e-06
0.644  1.05682e-06
0.645  1.03753e-06
0.646  1.03753e-06
0.647  1.03753e-06
0.648  1.01859e-06
0.649  1.01859e-06
0.65  1.01859e-06
0.651  1e-06
0.652  1e-06
0.653  9.81748e-07
0.654  9.81748e-07
0.655  9.81748e-07
0.656  9.63829e-07
0.657  9.63829e-07
0.658  9.46237e-07
0.659  9.46237e-07
0.66  9.46237e-07
0.661  9.46237e-07
0.662  9.28966e-07
0.663  9.12011e-07
0.664  8.95365e-07
0.665  8.95365e-07
0.666  8.79023e-07
0.667  8.79023e-07
0.668  8.62979e-07
0.669  8.31764e-07
0.67  8.16582e-07
0.67  7.44732e-07
0.669  7.44732e-07
0.668  7.31139e-07
0.667  7.17794e-07
0.666  7.17794e-07
0.665  7.04693e-07
0.664  7.04693e-07
0.663  7.04693e-07
0.662  6.91831e-07
0.661  6.79204e-07
0.66  6.91831e-07
0.659  6.91831e-07
0.658  6.91831e-07
0.657  6.79204e-07
0.656  6.79204e-07
0.655  6.79204e-07
0.654  6.79204e-07
0.653  6.79204e-07
0.652  6.79204e-07
0.651  6.79204e-07
0.65  6.79204e-07
0.649  6.79204e-07
0.648  6.79204e-07
0.647  6.79204e-07
0.646  6.79204e-07
0.645  6.79204e-07
0.644  6.79204e-07
0.643  6.79204e-07
0.642  6.79204e-07
0.641  6.79204e-07
0.64  6.79204e-07
0.639  6.79204e-07
0.638  6.79204e-07
0.637  6.79204e-07
0.636  6.79204e-07
0.635  6.79204e-07
0.634  6.79204e-07
0.633  6.91831e-07
0.632  6.91831e-07
0.631  6.91831e-07
0.63  6.91831e-07
0.629  6.91831e-07
0.628  6.91831e-07
0.627  6.91831e-07
0.626  6.91831e-07
0.625  6.91831e-07
0.624  6.91831e-07
0.623  6.91831e-07
0.622  6.91831e-07
0.621  6.91831e-07
0.62  7.04693e-07
0.619  7.04693e-07
0.618  7.04693e-07
0.617  7.04693e-07
0.616  7.04693e-07
0.615  7.04693e-07
0.614  7.04693e-07
0.613  7.04693e-07
0.612  7.17794e-07
0.611  7.17794e-07
0.61  7.17794e-07
0.609  7.17794e-07
0.608  7.17794e-07
0.607  7.17794e-07
0.606  7.17794e-07
0.605  7.17794e-07
0.604  7.17794e-07
0.603  7.17794e-07
0.602  7.17794e-07
0.601  7.31139e-07
0.6  7.31139e-07
0.599  7.31139e-07
0.598  7.31139e-07
0.597  7.31139e-07
0.596  7.44732e-07
0.595  7.44732e-07
0.594  7.44732e-07
0.593  7.44732e-07
0.592  7.44732e-07
0.591  7.44732e-07
0.59  7.58578e-07
0.589  7.58578e-07
0.588  7.58578e-07
0.587  7.58578e-07
0.586  7.58578e-07
0.585  7.58578e-07
0.584  7.72681e-07
0.583  7.72681e-07
0.582  7.72681e-07
0.581  7.72681e-07
0.58  7.72681e-07
0.579  7.72681e-07
0.578  7.87046e-07
0.577  7.87046e-07
0.576  7.87046e-07
0.575  7.87046e-07
0.574  7.87046e-07
0.573  7.87046e-07
0.572  8.01678e-07
0.571  8.01678e-07
0.57  8.01678e-07
0.569  8.01678e-07
0.568  8.01678e-07
0.567  8.01678e-07
0.566  8.01678e-07
0.565  8.16582e-07
0.564  8.16582e-07
0.563  8.16582e-07
0.562  8.16582e-07
0.561  8.16582e-07
0.56  8.16582e-07
0.559  8.31764e-07
0.558  8.31764e-07
0.557  8.31764e-07
0.556  8.31764e-07
0.555  8.31764e-07
0.554  8.31764e-07
0.553  8.31764e-07
0.552  8.47227e-07
0.551  8.47227e-07
0.55  8.47227e-07
0.549  8.47227e-07
0.548  8.47227e-07
0.547  8.47227e-07
0.546  8.62979e-07
0.545  8.62979e-07
0.544  8.62979e-07
0.543  8.62979e-07
0.542  8.62979e-07
0.541  8.62979e-07
0.54  8.62979e-07
0.539  8.79023e-07
0.538  8.79023e-07
0.537  8.79023e-07
0.536  8.79023e-07
0.535  8.79023e-07
0.534  8.95365e-07
0.533  8.95365e-07
0.532  8.95365e-07
0.531  8.95365e-07
0.53  8.95365e-07
0.529  9.12011e-07
0.528  9.12011e-07
0.527  9.12011e-07
0.526  9.12011e-07
0.525  9.28966e-07
0.524  9.28966e-07
0.523  9.28966e-07
0.522  9.46237e-07
0.521  9.46237e-07
0.52  9.46237e-07
0.519  9.46237e-07
0.518  9.46237e-07
0.517  9.63829e-07
0.516  9.63829e-07
0.515  9.63829e-07
0.514  9.63829e-07
0.513  9.63829e-07
0.512  9.63829e-07
0.511  9.63829e-07
0.51  9.63829e-07
0.509  9.63829e-07
0.508  9.81748e-07
0.507  9.81748e-07
0.506  9.81748e-07
0.505  9.81748e-07
0.504  9.81748e-07
0.503  1e-06
0.502  1e-06
0.501  1e-06
0.5  1e-06
0.499  1.01859e-06
0.498  1.01859e-06
0.497  1.01859e-06
0.496  1.01859e-06
0.495  1.01859e-06
0.494  1.01859e-06
0.493  1.03753e-06
0.492  1.03753e-06
0.491  1.03753e-06
0.49  1.03753e-06
0.489  1.03753e-06
0.488  1.03753e-06
0.487  1.05682e-06
0.486  1.05682e-06
0.485  1.05682e-06
0.484  1.05682e-06
0.483  1.05682e-06
0.482  1.07647e-06
0.481  1.07647e-06
0.48  1.07647e-06
0.479  1.07647e-06
0.478  1.09648e-06
0.477  1.09648e-06
0.476  1.09648e-06
0.475  1.09648e-06
0.474  1.11686e-06
0.473  1.11686e-06
0.472  1.11686e-06
0.471  1.13763e-06
0.47  1.13763e-06
0.469  1.13763e-06
0.468  1.15878e-06
0.467  1.15878e-06
0.466  1.18032e-06
0.465  1.18032e-06
0.464  1.20226e-06
0.463  1.20226e-06
0.462  1.22462e-06
0.461  1.24738e-06
0.46  1.24738e-06
0.459  1.24738e-06
0.458  1.24738e-06
0.457  1.24738e-06
0.456  1.24738e-06
0.455  1.24738e-06
0.454  1.24738e-06
0.453  1.24738e-06
0.452  1.24738e-06
0.451  1.24738e-06
0.45  1.24738e-06
0.449  1.27057e-06
0.448  1.2942e-06
0.447  1.31826e-06
0.446  1.34276e-06
0.445  1.34276e-06
0.444  1.36773e-06
0.443  1.36773e-06
0.442  1.39316e-06
0.441  1.41906e-06
0.439  1.36773e-06
0.438  1.34276e-06
0.437  1.36773e-06
0.436  1.36773e-06
0.435  1.39316e-06
0.434  1.41906e-06
0.434  1.47231e-06
