0.25	0.004333424961851768
0.255	0.004261864457018782
0.26	0.004189081689344336
0.265	0.004128630820259907
0.27	0.004067281586022782
0.275	0.004014731273696908
0.28	0.003961483926510368
0.28500000000000003	0.003914856019063791
0.29	0.003867666014536415
0.295	0.0038256557869207207
0.3	0.003783179086429824
0.305	0.0037448811062569124
0.31	0.0037061873940749403
0.315	0.0036709459407624073
0.32	0.0036353628704711167
0.325	0.00360268853774511
0.33	0.003569715142696963
0.335	0.003539232430909278
0.33999999999999997	0.003508484886671168
0.345	0.0034799006020287417
0.35	0.0034510795702214687
0.355	0.0033772616348159935
0.36	0.0033017937700589354
0.365	0.003268711106843185
0.37	0.0032352901724574876
0.375	0.0032019818394238278
0.38	0.0031683233578661124
0.385	0.003150824780910547
0.39	0.0031332284787420144
0.395	0.0031046252269799003
0.4	0.0030757559883709887
0.405	0.0030441663801441597
0.41000000000000003	0.003012245507922619
0.41500000000000004	0.002993579821885496
0.42000000000000004	0.0029747970182854486
0.42500000000000004	0.0029387419417158753
0.43	0.0029022389805114252
0.435	0.0028660418219209572
0.44	0.002863954067369098
0.445	0.0028329233928929315
0.45	0.002801549035801444
0.455	0.0027915089378327267
0.45999999999999996	0.0027814325985002766
0.46499999999999997	0.002747524749661047
0.47	0.0027131931741031633
0.475	0.00268374687703591
0.48	0.002653973888341782
0.485	0.0026322608321052254
0.49	0.0026102082405094675
0.495	0.002587967741184531
0.5	0.0025655344472448618
0.505	0.002537888019594245
0.51	0.002509937090845107
0.515	0.002498414106988671
0.52	0.0024868377309346097
0.525	0.00244852031847808
0.53	0.002409593658690195
0.535	0.002383895446532838
0.54	0.002357917174117869
0.5449999999999999	0.002336666985259132
0.55	0.0023152217604367835
0.5549999999999999	0.0022918876281353764
0.56	0.0022683134704004205
0.565	0.0022435765308988238
0.5700000000000001	0.002218563792186287
0.575	0.0021932658183631093
0.5800000000000001	0.0021676726228838147
0.585	0.0021348919359836867
0.5900000000000001	0.0021015999992044974
0.595	0.002067772118726945
0.6000000000000001	0.002033845421854864
0.605	0.0019773064507051
0.61	0.001967318174571668
0.615	0.0019432770860928026
0.62	0.0019177829647799042
0.625	0.0018480361789932373
0.63	0.0018329906437295307
0.635	0.0018055765185352058
0.64	0.0018211895563065364
0.645	0.0017160916431696335
0.65	0.0016857236212528084
0.655	0.001654039023731477
0.66	0.0016214933857404412
0.665	0.0015895055026762168
0.6699999999999999	0.0015609911112389747
0.675	0.0015214834995610756
0.6799999999999999	0.0014446601803847516
0.685	0.0014062396298585313
0.69	0.0013848219957814073
0.6950000000000001	0.001353245607528683
0.7	0.0013121999276024974
0.7050000000000001	0.0012894584846641305
0.71	0.001236421131812151
0.7150000000000001	0.0012175599749707489
0.72	0.0011666503332189984
0.7250000000000001	0.0011434056390337373
0.73	0.001110947954758376
0.735	0.001086787432058054
0.74	0.0009881529537475462
0.745	0.001040955310202046
0.75	0.0010167212203942631
0.755	0.0009987037021670752
0.76	0.0009843467834051167
0.765	0.0009627537847237994
0.77	0.0009373094899764965
0.775	0.0008687636847843016
0.78	0.000732821881496452
0.785	0.000766911565957901
0.79	0.0009528337892833146
0.795	0.0010367742410356275
0.8	0.0010658443319734828
0.805	0.0011099314473325722
0.81	0.0011354968868297261
0.8150000000000001	0.001173505868469917
0.8200000000000001	0.0011905168163447969
0.8250000000000001	0.0012170580582496454
0.83	0.0012306741976319854
0.835	0.0012678199531370282
0.84	0.001293631895092263
0.845	0.0013301652718570522
0.85	0.0013640245299047294
0.855	0.0013737112183727894
0.86	0.001350355856291477
0.865	0.001395441122046372
0.87	0.0014456436931880277
0.875	0.0014615387658894067
0.88	0.0014708617542107754
0.885	0.0014993769261485476
0.89	0.0015271561843813656
0.895	0.0015250144827926302
0.9	0.0015456708724374795
0.905	0.0015544562214628126
0.91	0.0015782920832342789
0.915	0.001590272869667341
0.92	0.0015804063401543287
0.925	0.0016077932907527244
0.93	0.0016107336109172877
0.935	0.0016351693946700715
0.9400000000000001	0.0016265033046385115
0.9450000000000001	0.0016447926455226054
0.9500000000000001	0.001640426865178695
0.955	0.0016600523786917086
0.96	0.0016388409013690132
0.965	0.0016703733037596845
0.97	0.0016611734406737906
0.975	0.0016544890761290335
0.98	0.0016381796299551523
0.985	0.0017006342934328942
0.99	0.001655471292411922
0.995	0.0016317101407214867
1.	0.0015697877563543422
1.005	0.0015353700205487926
1.01	0.0013523955079783427
1.0150000000000001	0.000835632850000503
1.02	0.0004114361870326916
1.025	0.0008564517750410729
1.03	0.0012012009256341355
1.0350000000000001	0.0013593483055117555
1.04	0.0014524577790765553
1.045	0.0014889522826470958
1.05	0.0015279809553786982
1.0550000000000002	0.0015509090173185525
1.06	0.0015642436510978715
1.065	0.0015718758538765076
1.07	0.0015555295561319302
1.0750000000000002	0.001541493064099435
1.08	0.0015598232271638987
1.085	0.0015848004290761654
1.0899999999999999	0.0015778988560741156
1.095	0.0015858007756335596
1.1	0.001593440993573342
1.105	0.0015825571922261346
1.1099999999999999	0.0015899631442269336
1.115	0.0015997987824862363
1.12	0.0015868004915552552
1.125	0.0015924392610080923
1.13	0.00156674155494772
1.135	0.0015703165376991443
1.1400000000000001	0.0015623092843608142
1.145	0.0015606212160546836
1.15	0.0015595706139832205
1.155	0.0015528550479680964
1.1600000000000001	0.0015419701034715308
1.165	0.0015603472690398118
1.17	0.001530821184854717
1.175	0.0015271297914715696
1.1800000000000002	0.0015292890178118719
1.185	0.0015326860409098793
1.19	0.0015413759113207912
1.195	0.0015264505466698129
1.2000000000000002	0.0015154883041449045
1.205	0.001510723138103074
1.21	0.0014960930118144392
1.2149999999999999	0.001517077695219771
1.22	0.0014920780810668052
1.225	0.0014995980794866334
1.23	0.0014763295363840689
1.2349999999999999	0.00146522837127869
1.24	0.001461988577246758
1.245	0.00147089970199648
1.25	0.0014568185885689402
1.2550000000000001	0.0014530178319621544
1.26	0.0014524984681575398
1.2650000000000001	0.0014500327828806394
1.27	0.0014278283860464462
1.275	0.0014468317110154863
1.28	0.0014220148381785612
1.285	0.0014298000209819553
1.29	0.0014179360352286699
1.295	0.0014185663096944045
1.3	0.00139459962354792
1.305	0.001395607849648317
1.31	0.0013930293500138465
1.315	0.0013881704602341411
1.32	0.0013766930703682646
1.325	0.0013872233381831492
1.33	0.001371755973196399
1.335	0.001359583303810399
1.34	0.001341701293134951
1.345	0.001351474576157465
1.35	0.0013190519663758512
1.355	0.0013096815898021418
1.36	0.001315499380463556
1.365	0.0013241952499537218
1.37	0.0012984154419907366
1.375	0.0013114403023647956
1.3800000000000001	0.0012922743284612597
1.385	0.0012915298586228215
1.3900000000000001	0.0012852412224948274
1.395	0.0012599497132822404
1.4000000000000001	0.0012525385582887272
1.405	0.0012723971158904422
1.41	0.0012755353961541422
1.415	0.0012752628800891733
1.42	0.001271577374759397
1.425	0.0012789837176445992
1.43	0.001283032572462601
1.435	0.0012870686904745993
1.44	0.0012815211313123166
1.445	0.0012544615848154846
1.45	0.0012537333209259455
1.455	0.0012389692026035187
1.46	0.0012240270135907946
1.465	0.001209172667570682
1.47	0.0011933505017386972
1.475	0.0011773157180637655
1.48	0.0011623423721090096
1.485	0.0011545754616596813
1.49	0.0011421878567030906
1.495	0.0011341444230577255
1.5	0.0011281866778153338
1.5050000000000001	0.0011315526280292931
1.51	0.0011314214672997268
1.5150000000000001	0.0011294457604654297
1.52	0.0011256157947985624
1.5250000000000001	0.0011217862898074656
1.53	0.0011196012951046456
1.535	0.00111738852091234
1.54	0.0011135372827166586
1.545	0.0011081327221953152
1.55	0.001102701673164596
1.555	0.0010991958583437256
1.56	0.0010956788261164857
1.565	0.001102048804121971
1.57	0.0010991855530346091
1.575	0.0010965217508102608
1.58	0.0010899580267147903
1.585	0.0010855692362381436
1.59	0.0010767681783931022
1.595	0.0010721271309877389
1.6	0.0010674659057787277
1.605	0.0010690745307543774
1.61	0.0010702627761442513
1.615	0.0010682139907340663
1.62	0.0010626150808265426
1.625	0.0010678570784519808
1.6300000000000001	0.0010563871354763834
1.635	0.0010458005020079115
1.6400000000000001	0.0010162037492550393
1.645	0.0010054879263322854
1.6500000000000001	0.0009946566643822383
1.655	0.0010029486135533423
1.66	0.0010112745670687066
1.665	0.0010278665704587665
1.67	0.0010234688075364093
1.675	0.001018668582022632
1.68	0.0010157606853978941
1.685	0.0010232913873053624
1.69	0.0010246115166247156
1.695	0.0010184727561402904
1.7	0.0010122967697271388
1.705	0.001014204067236964
1.71	0.001016107784637043
1.715	0.0010173013663610207
1.72	0.0010123084460775776
1.725	0.0010181327516586428
1.73	0.0010200783842430933
1.735	0.0010211342174268768
1.74	0.0010085817170660987
1.745	0.00100662773538536
1.75	0.0010046509791962579
1.7550000000000001	0.000980357727226818
1.76	0.000980019407971087
1.7650000000000001	0.0010168167545372639
1.77	0.0010319930135422428
1.7750000000000001	0.0009845538989816656
1.78	0.0009857047478834624
1.7850000000000001	0.0010018384084604997
1.79	0.0010097939492787623
1.795	0.0010068781536263461
1.8	0.0010039850397291783
1.805	0.0010170321578003318
1.81	0.0010299140061189574
1.815	0.0010263743793892494
1.82	0.0010110300589003275
1.825	0.0010214717764089225
1.83	0.0010010089060542868
1.835	0.000980486659776664
1.84	0.000993301021845845
1.845	0.0010246725598941344
1.85	0.0010551117428974051
1.855	0.0010528566759060798
1.86	0.0010505967685082607
1.865	0.0010628041635221419
1.87	0.001055212561524928
1.875	0.001047077829007949
1.8800000000000001	0.0010411297373526514
1.885	0.001052757191062276
1.8900000000000001	0.0010535833474386348
1.895	0.0010434228936533833
1.9000000000000001	0.0010331625235169928
1.905	0.0010403105762223125
1.9100000000000001	0.0010474098481492332
1.915	0.0010399726598970442
1.92	0.0010243134578828883
1.925	0.00102188923078776
1.93	0.001030744774422844
1.935	0.0010378757873657136
1.94	0.0010141457932664316
1.945	0.0010283108041832488
1.95	0.0009965077771899222
1.955	0.0010508826861262868
1.96	0.0009746162680768261
1.965	0.0009970805851752067
1.97	0.0009852759613428106
1.975	0.0009736576965237835
1.98	0.0009599227781441588
1.985	0.000975459799274168
1.99	0.0009730616527229915
1.995	0.000978618327030513
2.	0.0009841436277292048